7450-126783
OS REV: 1.05 Sensor Cal: 1629310132
Time (sec),  BV (Volts),  T (deg C),  DO (mg/l),  Q ()
1652210760,+3.46,+20.381, +8.316,+0.981
1652211060,+3.46,+20.482, +8.314,+0.982
1652211360,+3.47,+20.373, +8.326,+0.982
1652211660,+3.47,+20.222, +8.335,+0.980
1652211960,+3.47,+20.038, +8.369,+0.980
1652212260,+3.47,+19.913, +8.386,+0.979
1652212560,+3.47,+19.871, +8.402,+0.980
1652212860,+3.47,+19.846, +8.398,+0.980
1652213160,+3.47,+19.637, +8.438,+0.979
1652213460,+3.47,+19.285, +8.458,+0.979
1652213760,+3.47,+18.983, +8.481,+0.980
1652214060,+3.47,+18.739, +8.523,+0.980
1652214360,+3.47,+18.554, +8.544,+0.980
1652214660,+3.47,+18.403, +8.565,+0.980
1652214960,+3.48,+18.285, +8.564,+0.980
1652215260,+3.48,+18.192, +8.587,+0.980
1652215560,+3.48,+14.935, +8.749,+0.969
1652215860,+3.49,+12.467, +8.782,+0.971
1652216160,+3.49,+11.578, +9.016,+0.972
1652216460,+3.49,+11.489, +8.991,+0.973
1652216760,+3.49,+11.471, +9.022,+0.974
1652217060,+3.49,+11.489, +9.109,+0.974
1652217360,+3.49,+11.524, +9.177,+0.975
1652217660,+3.49,+11.578, +9.239,+0.975
1652217960,+3.49,+11.614, +9.268,+0.974
1652218260,+3.48,+11.685, +9.299,+0.974
1652218560,+3.48,+11.694, +9.329,+0.974
1652218860,+3.48,+11.775, +9.333,+0.974
1652219160,+3.48,+11.819, +9.341,+0.973
1652219460,+3.48,+11.864, +9.364,+0.973
1652219760,+3.48,+11.917, +9.375,+0.974
1652220060,+3.48,+11.971, +9.380,+0.973
1652220360,+3.48,+12.042, +9.380,+0.973
1652220660,+3.48,+12.077, +9.388,+0.974
1652220960,+3.48,+12.140, +9.376,+0.973
1652221260,+3.48,+12.175, +9.390,+0.973
1652221560,+3.48,+12.246, +9.378,+0.973
1652221860,+3.48,+12.281, +9.372,+0.973
1652222160,+3.48,+12.352, +9.370,+0.973
1652222460,+3.48,+12.379, +9.369,+0.973
1652222760,+3.49,+12.441, +9.363,+0.973
1652223060,+3.49,+12.459, +9.376,+0.973
1652223360,+3.49,+12.529, +9.352,+0.972
1652223660,+3.49,+12.556, +9.372,+0.973
1652223960,+3.49,+12.600, +9.367,+0.973
1652224260,+3.49,+12.644, +9.368,+0.973
1652224560,+3.49,+12.688, +9.356,+0.973
1652224860,+3.48,+12.723, +9.369,+0.973
1652225160,+3.48,+12.776, +9.347,+0.973
1652225460,+3.48,+12.812, +9.354,+0.973
1652225760,+3.48,+12.847, +9.355,+0.973
1652226060,+3.48,+12.900, +9.352,+0.973
1652226360,+3.48,+12.926, +9.330,+0.972
1652226660,+3.48,+12.979, +9.343,+0.973
1652226960,+3.48,+13.005, +9.347,+0.973
1652227260,+3.48,+13.040, +9.338,+0.973
1652227560,+3.48,+13.093, +9.334,+0.973
1652227860,+3.48,+13.119, +9.337,+0.973
1652228160,+3.48,+13.145, +9.328,+0.972
1652228460,+3.48,+13.172, +9.339,+0.973
1652228760,+3.48,+13.224, +9.337,+0.973
1652229060,+3.48,+13.242, +9.342,+0.973
1652229360,+3.48,+13.303, +9.317,+0.972
1652229660,+3.48,+13.321, +9.331,+0.973
1652229960,+3.48,+13.347, +9.315,+0.972
1652230260,+3.48,+13.399, +9.312,+0.973
1652230560,+3.48,+13.408, +9.312,+0.972
1652230860,+3.48,+13.461, +9.307,+0.973
1652231160,+3.48,+13.478, +9.307,+0.972
1652231460,+3.48,+13.513, +9.308,+0.973
1652231760,+3.48,+13.548, +9.308,+0.973
1652232060,+3.49,+13.566, +9.315,+0.973
1652232360,+3.48,+13.635, +9.294,+0.972
1652232660,+3.49,+13.644, +9.299,+0.972
1652232960,+3.49,+13.679, +9.294,+0.972
1652233260,+3.48,+13.688, +9.299,+0.972
1652233560,+3.48,+13.740, +9.294,+0.972
1652233860,+3.48,+13.766, +9.284,+0.972
1652234160,+3.48,+13.775, +9.299,+0.973
1652234460,+3.48,+13.801, +9.294,+0.972
1652234760,+3.48,+13.836, +9.284,+0.972
1652235060,+3.48,+13.862, +9.293,+0.972
1652235360,+3.48,+13.905, +9.281,+0.972
1652235660,+3.48,+13.905, +9.294,+0.973
1652235960,+3.48,+13.975, +9.271,+0.972
1652236260,+3.48,+14.001, +9.265,+0.972
1652236560,+3.48,+14.027, +9.273,+0.973
1652236860,+3.48,+14.027, +9.274,+0.972
1652237160,+3.48,+14.053, +9.268,+0.972
1652237460,+3.48,+14.097, +9.259,+0.972
1652237760,+3.48,+14.114, +9.261,+0.972
1652238060,+3.48,+14.149, +9.270,+0.973
1652238360,+3.48,+14.157, +9.264,+0.972
1652238660,+3.48,+14.183, +9.259,+0.972
1652238960,+3.48,+14.209, +9.264,+0.973
1652239260,+3.48,+14.227, +9.262,+0.972
1652239560,+3.48,+14.261, +9.250,+0.972
1652239860,+3.48,+14.279, +9.248,+0.972
1652240160,+3.48,+14.305, +9.255,+0.972
1652240460,+3.48,+14.322, +9.248,+0.972
1652240760,+3.48,+14.357, +9.243,+0.972
1652241060,+3.48,+14.357, +9.242,+0.972
1652241360,+3.48,+14.409, +9.243,+0.972
1652241660,+3.48,+14.417, +9.239,+0.972
1652241960,+3.48,+14.443, +9.237,+0.972
1652242260,+3.48,+14.452, +9.231,+0.972
1652242560,+3.48,+14.495, +9.236,+0.973
1652242860,+3.48,+14.495, +9.226,+0.972
1652243160,+3.48,+14.521, +9.220,+0.972
1652243460,+3.48,+14.538, +9.227,+0.972
1652243760,+3.48,+14.573, +9.217,+0.972
1652244060,+3.48,+14.573, +9.224,+0.972
1652244360,+3.48,+14.625, +9.218,+0.973
1652244660,+3.48,+14.633, +9.208,+0.972
1652244960,+3.48,+14.651, +9.206,+0.972
1652245260,+3.49,+14.651, +9.205,+0.972
1652245560,+3.49,+14.676, +9.210,+0.972
1652245860,+3.49,+14.720, +9.203,+0.972
1652246160,+3.49,+14.737, +9.189,+0.972
1652246460,+3.49,+14.737, +9.188,+0.971
1652246760,+3.49,+14.771, +9.199,+0.972
1652247060,+3.49,+14.771, +9.194,+0.972
1652247360,+3.49,+14.806, +9.182,+0.972
1652247660,+3.49,+14.815, +9.198,+0.973
1652247960,+3.49,+14.840, +9.185,+0.972
1652248260,+3.49,+14.849, +9.186,+0.972
1652248560,+3.49,+14.875, +9.184,+0.972
1652248860,+3.48,+14.918, +9.174,+0.972
1652249160,+3.48,+14.935, +9.173,+0.972
1652249460,+3.48,+14.927, +9.177,+0.972
1652249760,+3.48,+14.944, +9.175,+0.972
1652250060,+3.48,+14.970, +9.163,+0.972
1652250360,+3.48,+14.987, +9.171,+0.972
1652250660,+3.48,+15.030, +9.161,+0.973
1652250960,+3.48,+15.030, +9.155,+0.972
1652251260,+3.48,+15.047, +9.157,+0.972
1652251560,+3.48,+15.047, +9.159,+0.972
1652251860,+3.48,+15.073, +9.152,+0.972
1652252160,+3.48,+15.116, +9.141,+0.972
1652252460,+3.48,+15.116, +9.146,+0.973
1652252760,+3.48,+15.124, +9.134,+0.972
1652253060,+3.48,+15.150, +9.130,+0.972
1652253360,+3.48,+15.159, +9.127,+0.972
1652253660,+3.48,+15.176, +9.130,+0.972
1652253960,+3.48,+15.185, +9.146,+0.973
1652254260,+3.48,+15.219, +9.125,+0.972
1652254560,+3.48,+15.228, +9.130,+0.972
1652254860,+3.48,+15.236, +9.117,+0.972
1652255160,+3.48,+15.253, +9.121,+0.972
1652255460,+3.48,+15.279, +9.120,+0.972
1652255760,+3.48,+15.288, +9.104,+0.971
1652256060,+3.48,+15.296, +9.125,+0.972
1652256360,+3.48,+15.331, +9.103,+0.972
1652256660,+3.48,+15.331, +9.101,+0.972
1652256960,+3.48,+15.356, +9.106,+0.972
1652257260,+3.48,+15.373, +9.098,+0.972
1652257560,+3.48,+15.382, +9.099,+0.972
1652257860,+3.48,+15.391, +9.098,+0.972
1652258160,+3.48,+15.416, +9.092,+0.972
1652258460,+3.48,+15.416, +9.101,+0.973
1652258760,+3.48,+15.442, +9.093,+0.972
1652259060,+3.48,+15.459, +9.095,+0.973
1652259360,+3.48,+15.468, +9.095,+0.972
1652259660,+3.48,+15.459, +9.092,+0.972
1652259960,+3.48,+15.485, +9.092,+0.972
1652260260,+3.48,+15.485, +9.086,+0.972
1652260560,+3.48,+15.528, +9.072,+0.972
1652260860,+3.48,+15.519, +9.079,+0.972
1652261160,+3.48,+15.553, +9.077,+0.972
1652261460,+3.48,+15.553, +9.080,+0.972
1652261760,+3.48,+15.579, +9.073,+0.972
1652262060,+3.48,+15.588, +9.074,+0.973
1652262360,+3.48,+15.579, +9.072,+0.972
1652262660,+3.48,+15.613, +9.071,+0.973
1652262960,+3.48,+15.630, +9.059,+0.972
1652263260,+3.48,+15.630, +9.074,+0.973
1652263560,+3.48,+15.648, +9.067,+0.973
1652263860,+3.48,+15.673, +9.051,+0.972
1652264160,+3.48,+15.665, +9.051,+0.972
1652264460,+3.48,+15.682, +9.057,+0.972
1652264760,+3.48,+15.699, +9.057,+0.972
1652265060,+3.48,+15.699, +9.050,+0.972
1652265360,+3.48,+15.716, +9.058,+0.973
1652265660,+3.48,+15.725, +9.059,+0.973
1652265960,+3.48,+15.733, +9.051,+0.972
1652266260,+3.49,+15.742, +9.046,+0.972
1652266560,+3.49,+15.742, +9.051,+0.973
1652266860,+3.49,+15.750, +9.053,+0.972
1652267160,+3.49,+15.750, +9.059,+0.973
1652267460,+3.49,+15.784, +9.038,+0.972
1652267760,+3.49,+15.784, +9.043,+0.972
1652268060,+3.49,+15.793, +9.044,+0.972
1652268360,+3.49,+15.810, +9.040,+0.972
1652268660,+3.49,+15.810, +9.041,+0.972
1652268960,+3.49,+15.853, +9.027,+0.972
1652269260,+3.49,+15.844, +9.037,+0.972
1652269560,+3.49,+15.844, +9.039,+0.972
1652269860,+3.49,+15.853, +9.040,+0.972
1652270160,+3.49,+15.861, +9.030,+0.972
1652270460,+3.49,+15.878, +9.021,+0.972
1652270760,+3.49,+15.878, +9.026,+0.972
1652271060,+3.49,+15.913, +9.016,+0.972
1652271360,+3.49,+15.896, +9.026,+0.972
1652271660,+3.49,+15.904, +9.030,+0.972
1652271960,+3.49,+15.921, +9.017,+0.972
1652272260,+3.49,+15.913, +9.028,+0.972
1652272560,+3.49,+15.930, +9.020,+0.972
1652272860,+3.49,+15.955, +9.008,+0.972
1652273160,+3.49,+15.930, +9.019,+0.972
1652273460,+3.49,+15.955, +9.010,+0.972
1652273760,+3.49,+15.955, +9.018,+0.973
1652274060,+3.49,+15.947, +9.026,+0.973
1652274360,+3.49,+15.972, +9.010,+0.972
1652274660,+3.49,+15.972, +9.005,+0.972
1652274960,+3.49,+15.989, +9.008,+0.972
1652275260,+3.49,+16.007, +8.997,+0.972
1652275560,+3.49,+15.998, +8.985,+0.973
1652275860,+3.49,+15.989, +8.961,+0.973
1652276160,+3.49,+16.007, +8.947,+0.972
1652276460,+3.49,+16.015, +8.933,+0.972
1652276760,+3.49,+16.007, +8.929,+0.972
1652277060,+3.49,+16.024, +8.931,+0.972
1652277360,+3.49,+16.032, +8.931,+0.972
1652277660,+3.49,+16.041, +8.918,+0.971
1652277960,+3.49,+16.032, +8.921,+0.972
1652278260,+3.49,+16.066, +8.924,+0.972
1652278560,+3.49,+16.066, +8.918,+0.972
1652278860,+3.49,+16.083, +8.916,+0.972
1652279160,+3.49,+16.092, +8.930,+0.973
1652279460,+3.49,+16.109, +8.917,+0.973
1652279760,+3.49,+16.100, +8.919,+0.973
1652280060,+3.49,+16.117, +8.904,+0.973
1652280360,+3.49,+16.134, +8.909,+0.973
1652280660,+3.49,+16.152, +8.899,+0.973
1652280960,+3.49,+16.152, +8.906,+0.973
1652281260,+3.49,+16.160, +8.896,+0.973
1652281560,+3.49,+16.160, +8.904,+0.973
1652281860,+3.49,+16.177, +8.881,+0.972
1652282160,+3.49,+16.177, +8.882,+0.973
1652282460,+3.49,+16.186, +8.883,+0.973
1652282760,+3.49,+16.211, +8.876,+0.973
1652283060,+3.49,+16.228, +8.860,+0.973
1652283360,+3.49,+16.211, +8.881,+0.973
1652283660,+3.49,+16.220, +8.873,+0.973
1652283960,+3.49,+16.228, +8.871,+0.973
1652284260,+3.49,+16.245, +8.883,+0.973
1652284560,+3.49,+16.228, +8.873,+0.973
1652284860,+3.49,+16.262, +8.861,+0.973
1652285160,+3.49,+16.271, +8.866,+0.973
1652285460,+3.49,+16.279, +8.868,+0.973
1652285760,+3.49,+16.279, +8.866,+0.973
1652286060,+3.49,+16.279, +8.866,+0.973
1652286360,+3.49,+16.296, +8.861,+0.973
1652286660,+3.49,+16.296, +8.867,+0.973
1652286960,+3.49,+16.322, +8.864,+0.973
1652287260,+3.49,+16.330, +8.839,+0.973
1652287560,+3.49,+16.330, +8.858,+0.974
1652287860,+3.49,+16.330, +8.853,+0.973
1652288160,+3.49,+16.356, +8.841,+0.973
1652288460,+3.49,+16.364, +8.831,+0.973
1652288760,+3.49,+16.356, +8.839,+0.973
1652289060,+3.49,+16.373, +8.842,+0.973
1652289360,+3.49,+16.390, +8.835,+0.973
1652289660,+3.49,+16.390, +8.840,+0.973
1652289960,+3.49,+16.424, +8.840,+0.973
1652290260,+3.49,+16.424, +8.839,+0.973
1652290560,+3.49,+16.441, +8.837,+0.973
1652290860,+3.49,+16.450, +8.842,+0.973
1652291160,+3.49,+16.467, +8.845,+0.973
1652291460,+3.48,+16.484, +8.840,+0.973
1652291760,+3.49,+16.492, +8.838,+0.973
1652292060,+3.49,+16.492, +8.835,+0.973
1652292360,+3.49,+16.492, +8.844,+0.973
1652292660,+3.49,+16.509, +8.844,+0.973
1652292960,+3.48,+16.518, +8.843,+0.973
1652293260,+3.49,+16.543, +8.845,+0.973
1652293560,+3.48,+16.543, +8.839,+0.974
1652293860,+3.48,+16.552, +8.824,+0.973
1652294160,+3.49,+16.569, +8.818,+0.973
1652294460,+3.49,+16.569, +8.815,+0.973
1652294760,+3.48,+16.577, +8.816,+0.973
1652295060,+3.48,+16.586, +8.812,+0.973
1652295360,+3.49,+16.594, +8.826,+0.974
1652295660,+3.49,+16.620, +8.808,+0.973
1652295960,+3.48,+16.645, +8.810,+0.973
1652296260,+3.48,+16.645, +8.811,+0.973
1652296560,+3.48,+16.645, +8.808,+0.973
1652296860,+3.49,+16.671, +8.813,+0.973
1652297160,+3.49,+16.679, +8.801,+0.973
