7450-126783
OS REV: 1.05 Sensor Cal: 1629310132
Time (sec),  BV (Volts),  T (deg C),  DO (mg/l),  Q ()
1652297460,+3.48,+16.696, +8.801,+0.972
1652297760,+3.48,+16.688, +8.812,+0.973
1652298060,+3.48,+16.705, +8.804,+0.972
1652298360,+3.48,+16.730, +8.802,+0.973
1652298660,+3.48,+16.738, +8.801,+0.973
1652298960,+3.48,+16.738, +8.811,+0.973
1652299260,+3.48,+16.764, +8.800,+0.973
1652299560,+3.49,+16.772, +8.801,+0.973
1652299860,+3.49,+16.798, +8.797,+0.973
1652300160,+3.49,+16.798, +8.799,+0.973
1652300460,+3.49,+16.806, +8.800,+0.973
1652300760,+3.49,+16.823, +8.805,+0.973
1652301060,+3.49,+16.823, +8.799,+0.973
1652301360,+3.49,+16.815, +8.809,+0.973
1652301660,+3.49,+16.840, +8.810,+0.973
1652301960,+3.49,+16.857, +8.800,+0.973
1652302260,+3.49,+16.849, +8.799,+0.973
1652302560,+3.49,+16.874, +8.787,+0.973
1652302860,+3.49,+16.891, +8.787,+0.973
1652303160,+3.49,+16.891, +8.787,+0.973
1652303460,+3.49,+16.874, +8.784,+0.973
1652303760,+3.49,+16.883, +8.784,+0.973
1652304060,+3.49,+16.900, +8.775,+0.972
1652304360,+3.49,+16.908, +8.792,+0.973
1652304660,+3.49,+16.942, +8.779,+0.973
1652304960,+3.49,+16.917, +8.783,+0.974
1652305260,+3.49,+16.942, +8.777,+0.974
1652305560,+3.49,+16.908, +8.780,+0.973
1652305860,+3.49,+16.934, +8.779,+0.974
1652306160,+3.49,+16.942, +8.766,+0.973
1652306460,+3.49,+16.942, +8.768,+0.973
1652306760,+3.49,+16.968, +8.748,+0.973
1652307060,+3.49,+16.942, +8.770,+0.974
1652307360,+3.49,+16.934, +8.767,+0.974
1652307660,+3.49,+16.951, +8.759,+0.974
1652307960,+3.49,+16.951, +8.760,+0.974
1652308260,+3.49,+16.942, +8.750,+0.973
1652308560,+3.49,+16.951, +8.745,+0.973
1652308860,+3.49,+16.942, +8.761,+0.974
1652309160,+3.49,+16.959, +8.748,+0.973
1652309460,+3.49,+16.942, +8.750,+0.973
1652309760,+3.49,+16.951, +8.753,+0.974
1652310060,+3.49,+16.951, +8.742,+0.973
1652310360,+3.49,+16.951, +8.751,+0.973
1652310660,+3.49,+16.951, +8.752,+0.974
1652310960,+3.49,+16.942, +8.753,+0.973
1652311260,+3.49,+16.968, +8.737,+0.973
1652311560,+3.49,+16.951, +8.746,+0.973
1652311860,+3.49,+16.968, +8.728,+0.973
1652312160,+3.49,+16.959, +8.728,+0.973
1652312460,+3.49,+16.951, +8.739,+0.973
1652312760,+3.49,+16.959, +8.738,+0.974
1652313060,+3.49,+16.951, +8.740,+0.973
1652313360,+3.49,+16.959, +8.734,+0.973
1652313660,+3.49,+16.951, +8.735,+0.973
1652313960,+3.49,+16.959, +8.748,+0.974
1652314260,+3.49,+16.968, +8.729,+0.973
1652314560,+3.49,+16.968, +8.737,+0.974
1652314860,+3.49,+16.959, +8.735,+0.973
1652315160,+3.49,+16.951, +8.745,+0.974
1652315460,+3.49,+16.942, +8.745,+0.974
1652315760,+3.49,+16.968, +8.724,+0.973
1652316060,+3.49,+16.942, +8.746,+0.974
1652316360,+3.49,+16.942, +8.740,+0.974
1652316660,+3.49,+16.959, +8.732,+0.973
1652316960,+3.49,+16.925, +8.741,+0.974
1652317260,+3.49,+16.942, +8.733,+0.974
1652317560,+3.49,+16.934, +8.727,+0.973
1652317860,+3.49,+16.951, +8.722,+0.973
1652318160,+3.49,+16.942, +8.736,+0.974
1652318460,+3.49,+16.951, +8.726,+0.973
1652318760,+3.49,+16.934, +8.729,+0.973
1652319060,+3.49,+16.934, +8.729,+0.973
1652319360,+3.49,+16.934, +8.746,+0.974
1652319660,+3.49,+16.934, +8.734,+0.973
1652319960,+3.49,+16.917, +8.743,+0.974
1652320260,+3.49,+16.934, +8.742,+0.974
1652320560,+3.49,+16.925, +8.738,+0.974
1652320860,+3.49,+16.925, +8.734,+0.974
1652321160,+3.49,+16.908, +8.739,+0.974
1652321460,+3.49,+16.908, +8.744,+0.973
1652321760,+3.49,+16.917, +8.746,+0.974
1652322060,+3.49,+16.900, +8.752,+0.974
1652322360,+3.49,+16.908, +8.741,+0.973
1652322660,+3.49,+16.900, +8.746,+0.974
1652322960,+3.49,+16.908, +8.739,+0.973
1652323260,+3.49,+16.908, +8.745,+0.974
1652323560,+3.49,+16.908, +8.740,+0.973
1652323860,+3.49,+16.866, +8.754,+0.974
1652324160,+3.49,+16.900, +8.737,+0.973
1652324460,+3.49,+16.891, +8.741,+0.973
1652324760,+3.49,+16.891, +8.747,+0.974
1652325060,+3.49,+16.891, +8.736,+0.973
1652325360,+3.49,+16.908, +8.729,+0.973
1652325660,+3.49,+16.874, +8.752,+0.974
1652325960,+3.49,+16.883, +8.734,+0.973
1652326260,+3.49,+16.891, +8.747,+0.974
1652326560,+3.49,+16.891, +8.739,+0.973
1652326860,+3.49,+16.874, +8.744,+0.973
1652327160,+3.49,+16.874, +8.745,+0.974
1652327460,+3.49,+16.874, +8.736,+0.973
1652327760,+3.49,+16.857, +8.743,+0.973
1652328060,+3.49,+16.857, +8.747,+0.973
1652328360,+3.49,+16.857, +8.749,+0.974
1652328660,+3.49,+16.866, +8.734,+0.973
1652328960,+3.49,+16.849, +8.746,+0.973
1652329260,+3.49,+16.857, +8.735,+0.973
1652329560,+3.49,+16.866, +8.732,+0.973
1652329860,+3.49,+16.849, +8.740,+0.973
1652330160,+3.49,+16.840, +8.734,+0.973
1652330460,+3.49,+16.823, +8.741,+0.973
1652330760,+3.49,+16.815, +8.741,+0.973
1652331060,+3.49,+16.832, +8.735,+0.973
1652331360,+3.49,+16.815, +8.740,+0.973
1652331660,+3.49,+16.823, +8.738,+0.974
1652331960,+3.49,+16.815, +8.739,+0.973
1652332260,+3.49,+16.823, +8.745,+0.974
1652332560,+3.49,+16.806, +8.743,+0.974
1652332860,+3.49,+16.806, +8.738,+0.973
1652333160,+3.49,+16.798, +8.732,+0.973
1652333460,+3.49,+16.798, +8.739,+0.974
1652333760,+3.49,+16.781, +8.743,+0.974
1652334060,+3.49,+16.755, +8.748,+0.973
1652334360,+3.49,+16.764, +8.749,+0.974
1652334660,+3.49,+16.781, +8.737,+0.973
1652334960,+3.49,+16.764, +8.747,+0.973
1652335260,+3.49,+16.764, +8.740,+0.973
1652335560,+3.49,+16.764, +8.743,+0.973
1652335860,+3.49,+16.747, +8.751,+0.974
1652336160,+3.49,+16.755, +8.739,+0.973
1652336460,+3.49,+16.747, +8.742,+0.973
1652336760,+3.49,+16.721, +8.751,+0.973
1652337060,+3.49,+16.747, +8.738,+0.973
1652337360,+3.49,+16.730, +8.750,+0.974
1652337660,+3.49,+16.730, +8.731,+0.973
1652337960,+3.49,+16.730, +8.741,+0.973
1652338260,+3.49,+16.696, +8.744,+0.973
1652338560,+3.49,+16.688, +8.746,+0.973
1652338860,+3.49,+16.713, +8.739,+0.973
1652339160,+3.49,+16.688, +8.752,+0.974
1652339460,+3.49,+16.696, +8.737,+0.973
1652339760,+3.49,+16.679, +8.740,+0.973
1652340060,+3.49,+16.671, +8.746,+0.973
1652340360,+3.49,+16.662, +8.756,+0.974
1652340660,+3.49,+16.679, +8.734,+0.973
1652340960,+3.49,+16.662, +8.746,+0.974
1652341260,+3.49,+16.654, +8.736,+0.973
1652341560,+3.49,+16.662, +8.736,+0.973
1652341860,+3.49,+16.662, +8.730,+0.973
1652342160,+3.49,+16.654, +8.731,+0.973
1652342460,+3.49,+16.628, +8.741,+0.974
1652342760,+3.49,+16.645, +8.735,+0.974
1652343060,+3.49,+16.628, +8.730,+0.973
1652343360,+3.49,+16.620, +8.729,+0.974
1652343660,+3.49,+16.620, +8.724,+0.973
1652343960,+3.49,+16.603, +8.731,+0.974
1652344260,+3.49,+16.603, +8.726,+0.973
1652344560,+3.49,+16.594, +8.726,+0.973
1652344860,+3.49,+16.586, +8.726,+0.974
1652345160,+3.49,+16.569, +8.734,+0.974
1652345460,+3.49,+16.569, +8.712,+0.973
1652345760,+3.49,+16.560, +8.717,+0.973
1652346060,+3.49,+16.552, +8.719,+0.973
1652346360,+3.49,+16.569, +8.719,+0.974
1652346660,+3.49,+16.543, +8.727,+0.973
1652346960,+3.49,+16.543, +8.735,+0.974
1652347260,+3.49,+16.518, +8.737,+0.973
1652347560,+3.49,+16.501, +8.738,+0.973
1652347860,+3.49,+16.509, +8.733,+0.973
1652348160,+3.49,+16.509, +8.726,+0.973
1652348460,+3.49,+16.484, +8.742,+0.974
1652348760,+3.49,+16.509, +8.728,+0.973
1652349060,+3.49,+16.492, +8.734,+0.973
1652349360,+3.49,+16.501, +8.726,+0.973
1652349660,+3.49,+16.484, +8.731,+0.973
1652349960,+3.49,+16.467, +8.725,+0.973
1652350260,+3.49,+16.441, +8.733,+0.973
1652350560,+3.49,+16.441, +8.726,+0.973
1652350860,+3.49,+16.450, +8.728,+0.973
1652351160,+3.49,+16.450, +8.722,+0.973
1652351460,+3.49,+16.450, +8.722,+0.973
1652351760,+3.49,+16.424, +8.728,+0.973
1652352060,+3.49,+16.416, +8.725,+0.973
1652352360,+3.49,+16.416, +8.717,+0.973
1652352660,+3.49,+16.416, +8.727,+0.974
1652352960,+3.49,+16.407, +8.720,+0.973
1652353260,+3.49,+16.381, +8.733,+0.973
1652353560,+3.49,+16.373, +8.709,+0.972
1652353860,+3.49,+16.373, +8.720,+0.973
1652354160,+3.49,+16.373, +8.724,+0.973
1652354460,+3.49,+16.356, +8.725,+0.973
1652354760,+3.49,+16.339, +8.728,+0.972
1652355060,+3.49,+16.356, +8.722,+0.973
1652355360,+3.49,+16.347, +8.728,+0.973
1652355660,+3.49,+16.330, +8.724,+0.973
1652355960,+3.49,+16.322, +8.728,+0.973
1652356260,+3.49,+16.322, +8.725,+0.973
1652356560,+3.49,+16.296, +8.731,+0.973
1652356860,+3.49,+16.296, +8.729,+0.973
1652357160,+3.49,+16.288, +8.725,+0.973
1652357460,+3.49,+16.279, +8.737,+0.973
1652357760,+3.49,+16.296, +8.715,+0.973
1652358060,+3.49,+16.288, +8.714,+0.973
1652358360,+3.49,+16.279, +8.729,+0.973
1652358660,+3.49,+16.262, +8.733,+0.973
1652358960,+3.49,+16.245, +8.729,+0.973
1652359260,+3.49,+16.245, +8.731,+0.973
1652359560,+3.49,+16.245, +8.724,+0.973
1652359860,+3.49,+16.245, +8.726,+0.973
1652360160,+3.49,+16.245, +8.723,+0.973
1652360460,+3.49,+16.211, +8.719,+0.973
1652360760,+3.49,+16.228, +8.719,+0.973
1652361060,+3.49,+16.220, +8.722,+0.973
1652361360,+3.49,+16.194, +8.720,+0.973
1652361660,+3.49,+16.186, +8.727,+0.973
1652361960,+3.49,+16.211, +8.713,+0.973
1652362260,+3.49,+16.194, +8.713,+0.973
