7450-575984
OS REV: 1.05 Sensor Cal: 1649447868
Time (sec),  BV (Volts),  T (deg C),  DO (mg/l),  Q ()
1652297940,+3.50,+16.723, +9.045,+0.976
1652298240,+3.50,+16.732, +9.043,+0.976
1652298540,+3.50,+16.723, +9.058,+0.976
1652298840,+3.50,+16.740, +9.050,+0.976
1652299140,+3.50,+16.757, +9.048,+0.976
1652299440,+3.50,+16.774, +9.043,+0.976
1652299740,+3.50,+16.774, +9.045,+0.976
1652300040,+3.50,+16.783, +9.039,+0.976
1652300340,+3.50,+16.800, +9.037,+0.976
1652300640,+3.50,+16.817, +9.038,+0.976
1652300940,+3.50,+16.834, +9.036,+0.976
1652301240,+3.50,+16.851, +9.029,+0.976
1652301540,+3.51,+16.851, +9.021,+0.975
1652301840,+3.51,+16.868, +9.027,+0.976
1652302140,+3.51,+16.885, +9.031,+0.976
1652302440,+3.51,+16.893, +9.017,+0.976
1652302740,+3.51,+16.876, +9.028,+0.976
1652303040,+3.50,+16.885, +9.030,+0.976
1652303340,+3.51,+16.893, +9.014,+0.976
1652303640,+3.51,+16.893, +9.021,+0.976
1652303940,+3.51,+16.902, +9.021,+0.976
1652304240,+3.51,+16.893, +9.015,+0.976
1652304540,+3.51,+16.910, +9.032,+0.977
1652304840,+3.51,+16.936, +9.015,+0.976
1652305140,+3.51,+16.927, +9.019,+0.976
1652305440,+3.51,+16.927, +9.010,+0.976
1652305740,+3.51,+16.927, +9.006,+0.975
1652306040,+3.51,+16.936, +9.010,+0.976
1652306340,+3.51,+16.944, +9.018,+0.976
1652306640,+3.51,+16.944, +9.000,+0.976
1652306940,+3.51,+16.927, +9.010,+0.976
1652307240,+3.51,+16.961, +9.006,+0.976
1652307540,+3.51,+16.961, +9.004,+0.976
1652307840,+3.51,+16.953, +9.015,+0.976
1652308140,+3.51,+16.961, +8.999,+0.975
1652308440,+3.51,+16.961, +9.014,+0.976
1652308740,+3.51,+16.961, +9.001,+0.976
1652309040,+3.51,+16.927, +9.014,+0.976
1652309340,+3.51,+16.953, +8.997,+0.976
1652309640,+3.51,+16.936, +9.005,+0.976
1652309940,+3.51,+16.953, +8.997,+0.976
1652310240,+3.51,+16.944, +9.002,+0.976
1652310540,+3.51,+16.953, +8.997,+0.976
1652310840,+3.51,+16.944, +9.002,+0.976
1652311140,+3.51,+16.961, +8.991,+0.976
1652311440,+3.51,+16.953, +8.992,+0.976
1652311740,+3.51,+16.936, +8.992,+0.976
1652312040,+3.51,+16.961, +8.983,+0.976
1652312340,+3.51,+16.944, +8.984,+0.976
1652312640,+3.51,+16.961, +8.972,+0.976
1652312940,+3.51,+16.953, +8.993,+0.976
1652313240,+3.51,+16.953, +8.986,+0.976
1652313540,+3.51,+16.953, +8.983,+0.976
1652313840,+3.51,+16.961, +8.974,+0.976
1652314140,+3.51,+16.953, +8.973,+0.976
1652314440,+3.51,+16.953, +8.978,+0.976
1652314740,+3.51,+16.936, +8.978,+0.976
1652315040,+3.51,+16.953, +8.962,+0.975
1652315340,+3.51,+16.953, +8.970,+0.976
1652315640,+3.51,+16.936, +8.969,+0.976
1652315940,+3.51,+16.953, +8.962,+0.976
1652316240,+3.51,+16.953, +8.966,+0.976
1652316540,+3.51,+16.936, +8.972,+0.976
1652316840,+3.51,+16.936, +8.963,+0.976
1652317140,+3.51,+16.953, +8.962,+0.976
1652317440,+3.51,+16.936, +8.971,+0.976
1652317740,+3.51,+16.953, +8.964,+0.976
1652318040,+3.51,+16.927, +8.965,+0.976
1652318340,+3.51,+16.936, +8.960,+0.976
1652318640,+3.51,+16.919, +8.966,+0.976
1652318940,+3.51,+16.927, +8.971,+0.976
1652319240,+3.51,+16.919, +8.977,+0.976
1652319540,+3.51,+16.936, +8.973,+0.976
1652319840,+3.51,+16.919, +8.973,+0.976
1652320140,+3.51,+16.910, +8.971,+0.976
1652320440,+3.51,+16.927, +8.974,+0.976
1652320740,+3.51,+16.919, +8.965,+0.976
1652321040,+3.51,+16.910, +8.970,+0.976
1652321340,+3.51,+16.902, +8.980,+0.976
1652321640,+3.51,+16.902, +8.971,+0.976
1652321940,+3.51,+16.910, +8.978,+0.977
1652322240,+3.51,+16.893, +8.980,+0.976
1652322540,+3.51,+16.893, +8.980,+0.976
1652322840,+3.51,+16.902, +8.977,+0.976
1652323140,+3.51,+16.902, +8.980,+0.976
1652323440,+3.51,+16.868, +8.984,+0.976
1652323740,+3.51,+16.885, +8.984,+0.976
1652324040,+3.51,+16.859, +8.993,+0.977
1652324340,+3.51,+16.876, +8.978,+0.976
1652324640,+3.51,+16.851, +8.993,+0.976
1652324940,+3.51,+16.885, +8.975,+0.976
1652325240,+3.51,+16.859, +8.980,+0.976
1652325540,+3.51,+16.876, +8.981,+0.976
1652325840,+3.51,+16.859, +8.989,+0.976
1652326140,+3.51,+16.868, +8.989,+0.976
1652326440,+3.51,+16.859, +8.985,+0.976
1652326740,+3.51,+16.868, +8.985,+0.976
1652327040,+3.51,+16.868, +8.982,+0.976
1652327340,+3.51,+16.851, +8.984,+0.976
1652327640,+3.51,+16.868, +8.977,+0.976
1652327940,+3.51,+16.842, +8.981,+0.976
1652328240,+3.51,+16.825, +8.992,+0.977
1652328540,+3.51,+16.834, +8.974,+0.976
1652328840,+3.51,+16.834, +8.986,+0.976
1652329140,+3.51,+16.825, +8.988,+0.977
1652329440,+3.51,+16.825, +8.984,+0.976
1652329740,+3.50,+16.808, +8.987,+0.976
1652330040,+3.50,+16.834, +8.980,+0.976
1652330340,+3.51,+16.817, +8.978,+0.976
1652330640,+3.51,+16.817, +8.985,+0.976
1652330940,+3.51,+16.800, +8.980,+0.976
1652331240,+3.50,+16.800, +8.972,+0.976
1652331540,+3.51,+16.791, +8.983,+0.976
1652331840,+3.50,+16.791, +8.980,+0.976
1652332140,+3.50,+16.783, +8.981,+0.976
1652332440,+3.50,+16.783, +8.982,+0.976
1652332740,+3.50,+16.783, +8.978,+0.976
1652333040,+3.50,+16.774, +8.986,+0.976
1652333340,+3.50,+16.774, +8.980,+0.976
1652333640,+3.50,+16.791, +8.961,+0.976
1652333940,+3.50,+16.766, +8.970,+0.976
1652334240,+3.50,+16.749, +8.975,+0.976
1652334540,+3.50,+16.740, +8.983,+0.976
1652334840,+3.50,+16.749, +8.972,+0.976
1652335140,+3.50,+16.757, +8.967,+0.976
1652335440,+3.50,+16.723, +8.975,+0.976
1652335740,+3.50,+16.732, +8.969,+0.976
1652336040,+3.50,+16.732, +8.964,+0.976
1652336340,+3.50,+16.723, +8.974,+0.976
1652336640,+3.50,+16.732, +8.968,+0.976
1652336940,+3.50,+16.715, +8.968,+0.976
1652337240,+3.50,+16.715, +8.967,+0.976
1652337540,+3.50,+16.706, +8.967,+0.976
1652337840,+3.50,+16.698, +8.975,+0.976
1652338140,+3.50,+16.698, +8.965,+0.976
1652338440,+3.50,+16.689, +8.970,+0.976
1652338740,+3.50,+16.689, +8.962,+0.976
1652339040,+3.50,+16.672, +8.971,+0.976
1652339340,+3.50,+16.664, +8.977,+0.976
1652339640,+3.50,+16.655, +8.976,+0.976
1652339940,+3.50,+16.655, +8.968,+0.976
1652340240,+3.50,+16.655, +8.969,+0.976
1652340540,+3.50,+16.655, +8.969,+0.976
1652340840,+3.50,+16.638, +8.979,+0.977
1652341140,+3.50,+16.638, +8.983,+0.977
1652341440,+3.50,+16.621, +8.974,+0.976
1652341740,+3.50,+16.638, +8.973,+0.977
1652342040,+3.50,+16.604, +8.983,+0.977
1652342340,+3.50,+16.613, +8.972,+0.977
1652342640,+3.50,+16.621, +8.956,+0.976
1652342940,+3.50,+16.621, +8.964,+0.977
1652343240,+3.50,+16.604, +8.971,+0.977
1652343540,+3.50,+16.579, +8.973,+0.976
1652343840,+3.50,+16.587, +8.958,+0.976
1652344140,+3.50,+16.579, +8.957,+0.976
1652344440,+3.50,+16.562, +8.962,+0.976
1652344740,+3.50,+16.570, +8.959,+0.976
1652345040,+3.50,+16.553, +8.963,+0.976
1652345340,+3.50,+16.570, +8.959,+0.977
1652345640,+3.50,+16.545, +8.960,+0.976
1652345940,+3.50,+16.553, +8.949,+0.976
1652346240,+3.50,+16.528, +8.958,+0.976
1652346540,+3.50,+16.528, +8.961,+0.977
1652346840,+3.50,+16.511, +8.959,+0.977
1652347140,+3.50,+16.528, +8.954,+0.976
1652347440,+3.50,+16.502, +8.960,+0.977
1652347740,+3.50,+16.494, +8.956,+0.976
1652348040,+3.50,+16.485, +8.963,+0.977
1652348340,+3.50,+16.511, +8.953,+0.977
1652348640,+3.50,+16.494, +8.948,+0.976
1652348940,+3.51,+16.460, +8.957,+0.977
1652349240,+3.51,+16.443, +8.955,+0.976
1652349540,+3.51,+16.434, +8.958,+0.976
1652349840,+3.50,+16.460, +8.946,+0.976
1652350140,+3.50,+16.460, +8.947,+0.977
1652350440,+3.51,+16.434, +8.944,+0.976
1652350740,+3.51,+16.426, +8.954,+0.977
1652351040,+3.50,+16.417, +8.949,+0.976
1652351340,+3.50,+16.417, +8.945,+0.976
1652351640,+3.51,+16.400, +8.952,+0.976
1652351940,+3.51,+16.400, +8.946,+0.976
1652352240,+3.51,+16.375, +8.953,+0.977
1652352540,+3.51,+16.392, +8.946,+0.977
1652352840,+3.51,+16.375, +8.944,+0.976
1652353140,+3.51,+16.375, +8.938,+0.976
1652353440,+3.51,+16.366, +8.941,+0.976
1652353740,+3.51,+16.366, +8.937,+0.976
1652354040,+3.51,+16.366, +8.936,+0.976
1652354340,+3.51,+16.332, +8.941,+0.976
1652354640,+3.51,+16.341, +8.931,+0.976
1652354940,+3.51,+16.341, +8.935,+0.977
1652355240,+3.51,+16.341, +8.930,+0.977
1652355540,+3.51,+16.315, +8.940,+0.977
1652355840,+3.51,+16.298, +8.945,+0.977
1652356140,+3.51,+16.289, +8.943,+0.977
1652356440,+3.51,+16.306, +8.929,+0.977
1652356740,+3.51,+16.289, +8.938,+0.977
1652357040,+3.51,+16.289, +8.928,+0.977
1652357340,+3.51,+16.281, +8.928,+0.976
1652357640,+3.51,+16.264, +8.929,+0.977
1652357940,+3.51,+16.264, +8.933,+0.977
1652358240,+3.51,+16.247, +8.923,+0.976
1652358540,+3.51,+16.221, +8.941,+0.976
1652358840,+3.51,+16.247, +8.933,+0.977
1652359140,+3.51,+16.230, +8.928,+0.976
1652359440,+3.51,+16.230, +8.927,+0.976
1652359740,+3.51,+16.230, +8.924,+0.977
1652360040,+3.51,+16.213, +8.933,+0.977
1652360340,+3.51,+16.204, +8.927,+0.977
1652360640,+3.51,+16.204, +8.932,+0.977
1652360940,+3.51,+16.204, +8.922,+0.977
1652361240,+3.51,+16.196, +8.919,+0.977
1652361540,+3.51,+16.187, +8.920,+0.977
1652361840,+3.51,+16.187, +8.928,+0.977
1652362140,+3.51,+16.153, +8.937,+0.977
1652362440,+3.51,+16.179, +8.918,+0.976
1652362740,+3.51,+16.179, +8.932,+0.977
1652363040,+3.51,+16.170, +8.948,+0.977
1652363340,+3.51,+16.179, +8.937,+0.976
