7450-614557
OS REV: 1.05 Sensor Cal: 1582212566
Time (sec),  BV (Volts),  T (deg C),  DO (mg/l),  Q ()
1652298300,+3.40,+16.725, +8.825,+1.016
1652298600,+3.40,+16.725, +8.815,+1.016
1652298900,+3.40,+16.750, +8.816,+1.017
1652299200,+3.40,+16.759, +8.816,+1.016
1652299500,+3.40,+16.767, +8.808,+1.016
1652299800,+3.40,+16.784, +8.803,+1.016
1652300100,+3.40,+16.784, +8.812,+1.016
1652300400,+3.41,+16.801, +8.804,+1.016
1652300700,+3.41,+16.793, +8.817,+1.016
1652301000,+3.41,+16.810, +8.814,+1.016
1652301300,+3.41,+16.827, +8.809,+1.016
1652301600,+3.41,+16.844, +8.803,+1.016
1652301900,+3.41,+16.852, +8.813,+1.016
1652302200,+3.41,+16.869, +8.806,+1.017
1652302500,+3.41,+16.886, +8.794,+1.016
1652302800,+3.41,+16.878, +8.799,+1.016
1652303100,+3.41,+16.861, +8.806,+1.016
1652303400,+3.41,+16.878, +8.786,+1.016
1652303700,+3.41,+16.903, +8.778,+1.016
1652304000,+3.41,+16.895, +8.792,+1.016
1652304300,+3.41,+16.903, +8.793,+1.016
1652304600,+3.41,+16.895, +8.792,+1.016
1652304900,+3.41,+16.920, +8.805,+1.016
1652305200,+3.41,+16.895, +8.817,+1.016
1652305500,+3.41,+16.911, +8.816,+1.017
1652305800,+3.41,+16.911, +8.814,+1.017
1652306100,+3.41,+16.928, +8.802,+1.016
1652306400,+3.41,+16.903, +8.811,+1.016
1652306700,+3.41,+16.920, +8.807,+1.017
1652307000,+3.41,+16.920, +8.801,+1.016
1652307300,+3.41,+16.937, +8.796,+1.016
1652307600,+3.41,+16.911, +8.797,+1.016
1652307900,+3.41,+16.903, +8.776,+1.016
1652308200,+3.41,+16.911, +8.769,+1.016
1652308500,+3.41,+16.903, +8.787,+1.017
1652308800,+3.41,+16.928, +8.777,+1.017
1652309100,+3.41,+16.911, +8.771,+1.016
1652309400,+3.41,+16.903, +8.782,+1.016
1652309700,+3.41,+16.928, +8.776,+1.016
1652310000,+3.41,+16.920, +8.761,+1.016
1652310300,+3.41,+16.911, +8.772,+1.016
1652310600,+3.41,+16.911, +8.767,+1.016
1652310900,+3.41,+16.911, +8.748,+1.016
1652311200,+3.41,+16.911, +8.746,+1.016
1652311500,+3.41,+16.886, +8.740,+1.016
1652311800,+3.41,+16.903, +8.733,+1.017
1652312100,+3.41,+16.920, +8.701,+1.016
1652312400,+3.41,+16.903, +8.704,+1.016
1652312700,+3.41,+16.920, +8.694,+1.016
1652313000,+3.41,+16.895, +8.689,+1.016
1652313300,+3.41,+16.911, +8.679,+1.016
1652313600,+3.41,+16.903, +8.671,+1.016
1652313900,+3.41,+16.911, +8.677,+1.016
1652314200,+3.41,+16.911, +8.662,+1.016
1652314500,+3.41,+16.903, +8.672,+1.017
1652314800,+3.41,+16.895, +8.662,+1.016
1652315100,+3.41,+16.895, +8.675,+1.017
1652315400,+3.41,+16.920, +8.651,+1.016
1652315700,+3.41,+16.886, +8.675,+1.017
1652316000,+3.41,+16.911, +8.660,+1.016
1652316300,+3.41,+16.895, +8.672,+1.017
1652316600,+3.41,+16.886, +8.663,+1.016
1652316900,+3.41,+16.878, +8.663,+1.016
1652317200,+3.41,+16.895, +8.658,+1.016
1652317500,+3.41,+16.878, +8.657,+1.016
1652317800,+3.41,+16.886, +8.669,+1.017
1652318100,+3.41,+16.895, +8.666,+1.017
1652318400,+3.41,+16.886, +8.656,+1.016
1652318700,+3.41,+16.886, +8.656,+1.016
1652319000,+3.41,+16.878, +8.643,+1.016
1652319300,+3.41,+16.903, +8.635,+1.016
1652319600,+3.41,+16.861, +8.650,+1.016
1652319900,+3.41,+16.852, +8.656,+1.017
1652320200,+3.41,+16.869, +8.641,+1.016
1652320500,+3.41,+16.878, +8.639,+1.016
1652320800,+3.41,+16.869, +8.643,+1.016
1652321100,+3.41,+16.861, +8.632,+1.016
1652321400,+3.41,+16.835, +8.649,+1.016
1652321700,+3.41,+16.852, +8.637,+1.016
1652322000,+3.41,+16.844, +8.640,+1.016
1652322300,+3.41,+16.861, +8.636,+1.016
1652322600,+3.41,+16.844, +8.645,+1.016
1652322900,+3.41,+16.844, +8.650,+1.016
1652323200,+3.41,+16.835, +8.648,+1.016
1652323500,+3.41,+16.844, +8.652,+1.017
1652323800,+3.41,+16.844, +8.635,+1.016
1652324100,+3.41,+16.852, +8.626,+1.017
1652324400,+3.41,+16.852, +8.644,+1.016
1652324700,+3.41,+16.852, +8.674,+1.017
1652325000,+3.41,+16.835, +8.681,+1.016
1652325300,+3.41,+16.835, +8.693,+1.017
1652325600,+3.41,+16.827, +8.699,+1.017
1652325900,+3.41,+16.818, +8.706,+1.017
1652326200,+3.41,+16.827, +8.696,+1.017
1652326500,+3.41,+16.827, +8.681,+1.017
1652326800,+3.40,+16.827, +8.685,+1.016
1652327100,+3.41,+16.810, +8.694,+1.016
1652327400,+3.41,+16.827, +8.685,+1.016
1652327700,+3.41,+16.818, +8.694,+1.016
1652328000,+3.40,+16.818, +8.696,+1.016
1652328300,+3.41,+16.818, +8.712,+1.017
1652328600,+3.40,+16.810, +8.707,+1.017
1652328900,+3.41,+16.818, +8.709,+1.017
1652329200,+3.40,+16.810, +8.712,+1.017
1652329500,+3.40,+16.801, +8.710,+1.016
1652329800,+3.40,+16.801, +8.727,+1.017
1652330100,+3.40,+16.784, +8.721,+1.016
1652330400,+3.40,+16.784, +8.713,+1.016
1652330700,+3.40,+16.793, +8.722,+1.016
1652331000,+3.40,+16.776, +8.725,+1.016
1652331300,+3.40,+16.776, +8.735,+1.017
1652331600,+3.40,+16.784, +8.734,+1.017
1652331900,+3.40,+16.767, +8.725,+1.016
1652332200,+3.40,+16.742, +8.719,+1.016
1652332500,+3.40,+16.759, +8.711,+1.016
1652332800,+3.40,+16.767, +8.702,+1.016
1652333100,+3.40,+16.750, +8.700,+1.016
1652333400,+3.40,+16.767, +8.696,+1.017
1652333700,+3.40,+16.733, +8.701,+1.016
1652334000,+3.40,+16.733, +8.700,+1.016
1652334300,+3.40,+16.733, +8.699,+1.016
1652334600,+3.40,+16.750, +8.682,+1.016
1652334900,+3.40,+16.716, +8.689,+1.016
1652335200,+3.40,+16.742, +8.701,+1.017
1652335500,+3.40,+16.725, +8.696,+1.016
1652335800,+3.40,+16.708, +8.706,+1.016
1652336100,+3.40,+16.716, +8.703,+1.016
1652336400,+3.40,+16.708, +8.723,+1.016
1652336700,+3.40,+16.708, +8.721,+1.016
1652337000,+3.40,+16.699, +8.721,+1.016
1652337300,+3.40,+16.691, +8.724,+1.016
1652337600,+3.40,+16.682, +8.722,+1.016
1652337900,+3.40,+16.674, +8.728,+1.017
1652338200,+3.40,+16.682, +8.729,+1.017
1652338500,+3.40,+16.674, +8.715,+1.016
1652338800,+3.40,+16.682, +8.722,+1.016
1652339100,+3.40,+16.657, +8.724,+1.016
1652339400,+3.40,+16.665, +8.738,+1.017
1652339700,+3.40,+16.657, +8.733,+1.016
1652340000,+3.40,+16.640, +8.748,+1.017
1652340300,+3.40,+16.631, +8.738,+1.016
1652340600,+3.40,+16.648, +8.739,+1.017
1652340900,+3.40,+16.614, +8.742,+1.016
1652341200,+3.40,+16.623, +8.736,+1.016
1652341500,+3.40,+16.623, +8.735,+1.017
1652341800,+3.40,+16.614, +8.721,+1.016
1652342100,+3.40,+16.614, +8.712,+1.016
1652342400,+3.40,+16.614, +8.704,+1.016
1652342700,+3.40,+16.614, +8.706,+1.017
1652343000,+3.40,+16.589, +8.699,+1.017
1652343300,+3.40,+16.580, +8.689,+1.016
1652343600,+3.40,+16.589, +8.686,+1.016
1652343900,+3.40,+16.572, +8.697,+1.017
1652344200,+3.40,+16.563, +8.690,+1.016
1652344500,+3.40,+16.563, +8.701,+1.016
1652344800,+3.40,+16.580, +8.707,+1.017
1652345100,+3.40,+16.563, +8.720,+1.017
1652345400,+3.40,+16.546, +8.721,+1.017
1652345700,+3.40,+16.546, +8.724,+1.016
1652346000,+3.40,+16.546, +8.711,+1.016
1652346300,+3.40,+16.546, +8.708,+1.017
1652346600,+3.40,+16.538, +8.703,+1.017
1652346900,+3.40,+16.521, +8.690,+1.017
1652347200,+3.40,+16.504, +8.678,+1.016
1652347500,+3.40,+16.512, +8.684,+1.017
1652347800,+3.40,+16.512, +8.684,+1.016
1652348100,+3.40,+16.487, +8.705,+1.017
1652348400,+3.40,+16.504, +8.703,+1.017
1652348700,+3.40,+16.487, +8.709,+1.016
1652349000,+3.40,+16.470, +8.718,+1.017
1652349300,+3.40,+16.470, +8.705,+1.016
1652349600,+3.40,+16.461, +8.702,+1.016
1652349900,+3.40,+16.470, +8.705,+1.017
1652350200,+3.40,+16.453, +8.696,+1.016
1652350500,+3.40,+16.461, +8.679,+1.016
1652350800,+3.40,+16.453, +8.657,+1.016
1652351100,+3.40,+16.461, +8.656,+1.017
1652351400,+3.40,+16.427, +8.669,+1.016
1652351700,+3.40,+16.419, +8.689,+1.017
1652352000,+3.40,+16.419, +8.686,+1.016
1652352300,+3.40,+16.402, +8.663,+1.016
1652352600,+3.40,+16.419, +8.648,+1.017
1652352900,+3.40,+16.393, +8.655,+1.017
1652353200,+3.40,+16.402, +8.651,+1.016
1652353500,+3.40,+16.393, +8.647,+1.017
1652353800,+3.40,+16.385, +8.645,+1.016
1652354100,+3.40,+16.359, +8.671,+1.017
1652354400,+3.40,+16.359, +8.668,+1.017
1652354700,+3.40,+16.351, +8.672,+1.017
1652355000,+3.40,+16.368, +8.677,+1.017
1652355300,+3.40,+16.351, +8.688,+1.017
1652355600,+3.40,+16.333, +8.685,+1.016
1652355900,+3.40,+16.333, +8.695,+1.017
1652356200,+3.40,+16.325, +8.701,+1.017
1652356500,+3.40,+16.325, +8.710,+1.017
1652356800,+3.41,+16.308, +8.710,+1.017
1652357100,+3.41,+16.299, +8.713,+1.017
1652357400,+3.40,+16.308, +8.707,+1.016
1652357700,+3.41,+16.282, +8.712,+1.017
1652358000,+3.41,+16.291, +8.710,+1.017
1652358300,+3.40,+16.274, +8.711,+1.017
1652358600,+3.41,+16.257, +8.702,+1.017
1652358900,+3.41,+16.257, +8.685,+1.016
1652359200,+3.41,+16.248, +8.685,+1.017
1652359500,+3.41,+16.240, +8.675,+1.016
1652359800,+3.41,+16.223, +8.679,+1.016
1652360100,+3.41,+16.240, +8.670,+1.016
1652360400,+3.41,+16.223, +8.670,+1.016
1652360700,+3.41,+16.214, +8.668,+1.016
1652361000,+3.41,+16.223, +8.654,+1.016
1652361300,+3.41,+16.214, +8.660,+1.017
1652361600,+3.41,+16.214, +8.675,+1.017
1652361900,+3.41,+16.189, +8.697,+1.017
1652362200,+3.41,+16.189, +8.691,+1.017
1652362500,+3.41,+16.189, +8.684,+1.017
1652362800,+3.41,+16.172, +8.687,+1.017
1652363100,+3.41,+16.163, +8.678,+1.017
1652363400,+3.40,+16.657, +8.776,+1.016
1652363700,+3.41,+16.937, +8.700,+1.016
