7450-631150
OS REV: 1.05 Sensor Cal: 1582214720
Time (sec),  BV (Volts),  T (deg C),  DO (mg/l),  Q ()
1652211720,+3.46,+20.513, +8.170,+0.986
1652212020,+3.46,+20.496, +8.174,+0.986
1652212320,+3.46,+20.304, +8.205,+0.987
1652212620,+3.46,+20.170, +8.241,+0.987
1652212920,+3.46,+20.053, +8.250,+0.986
1652213220,+3.46,+19.927, +8.273,+0.986
1652213520,+3.46,+19.852, +8.303,+0.988
1652213820,+3.46,+19.785, +8.298,+0.987
1652214120,+3.46,+19.701, +8.311,+0.986
1652214420,+3.46,+19.634, +8.330,+0.987
1652214720,+3.46,+19.592, +8.331,+0.987
1652215020,+3.47,+19.064, +7.940,+0.983
1652215320,+3.47,+12.369, +9.179,+0.987
1652215620,+3.47,+11.613, +9.148,+0.988
1652215920,+3.48,+11.425, +8.919,+0.988
1652216220,+3.48,+11.326, +9.065,+0.988
1652216520,+3.48,+11.353, +8.995,+0.988
1652216820,+3.47,+11.416, +9.020,+0.988
1652217120,+3.47,+11.479, +9.067,+0.988
1652217420,+3.47,+11.496, +9.126,+0.988
1652217720,+3.47,+11.577, +9.178,+0.989
1652218020,+3.47,+11.631, +9.229,+0.988
1652218320,+3.47,+11.666, +9.276,+0.988
1652218620,+3.47,+11.729, +9.294,+0.988
1652218920,+3.47,+11.791, +9.295,+0.988
1652219220,+3.47,+11.836, +9.311,+0.988
1652219520,+3.47,+11.889, +9.323,+0.988
1652219820,+3.47,+11.934, +9.335,+0.988
1652220120,+3.47,+11.987, +9.336,+0.988
1652220420,+3.47,+12.040, +9.350,+0.988
1652220720,+3.47,+12.103, +9.349,+0.988
1652221020,+3.47,+12.147, +9.352,+0.988
1652221320,+3.47,+12.218, +9.345,+0.988
1652221620,+3.47,+12.271, +9.338,+0.988
1652221920,+3.47,+12.307, +9.345,+0.988
1652222220,+3.47,+12.342, +9.341,+0.988
1652222520,+3.47,+12.395, +9.331,+0.988
1652222820,+3.47,+12.448, +9.324,+0.988
1652223120,+3.47,+12.501, +9.323,+0.988
1652223420,+3.47,+12.537, +9.316,+0.987
1652223720,+3.47,+12.581, +9.325,+0.988
1652224020,+3.47,+12.590, +9.327,+0.987
1652224320,+3.47,+12.660, +9.320,+0.988
1652224620,+3.47,+12.704, +9.317,+0.988
1652224920,+3.47,+12.722, +9.326,+0.988
1652225220,+3.47,+12.766, +9.318,+0.988
1652225520,+3.47,+12.836, +9.306,+0.988
1652225820,+3.47,+12.863, +9.312,+0.988
1652226120,+3.47,+12.898, +9.316,+0.988
1652226420,+3.47,+12.942, +9.301,+0.988
1652226720,+3.47,+12.968, +9.298,+0.987
1652227020,+3.47,+13.003, +9.299,+0.988
1652227320,+3.47,+13.056, +9.291,+0.988
1652227620,+3.47,+13.082, +9.287,+0.987
1652227920,+3.47,+13.117, +9.294,+0.988
1652228220,+3.47,+13.170, +9.277,+0.987
1652228520,+3.47,+13.188, +9.286,+0.988
1652228820,+3.46,+13.240, +9.268,+0.987
1652229120,+3.46,+13.240, +9.278,+0.987
1652229420,+3.46,+13.293, +9.273,+0.988
1652229720,+3.46,+13.345, +9.254,+0.987
1652230020,+3.46,+13.371, +9.251,+0.987
1652230320,+3.46,+13.380, +9.263,+0.987
1652230620,+3.46,+13.441, +9.249,+0.987
1652230920,+3.46,+13.485, +9.245,+0.987
1652231220,+3.46,+13.494, +9.246,+0.987
1652231520,+3.47,+13.529, +9.251,+0.987
1652231820,+3.47,+13.555, +9.251,+0.988
1652232120,+3.47,+13.607, +9.230,+0.987
1652232420,+3.47,+13.625, +9.238,+0.987
1652232720,+3.47,+13.651, +9.245,+0.988
1652233020,+3.47,+13.660, +9.242,+0.987
1652233320,+3.47,+13.703, +9.231,+0.987
1652233620,+3.47,+13.729, +9.233,+0.987
1652233920,+3.47,+13.773, +9.229,+0.987
1652234220,+3.47,+13.790, +9.236,+0.988
1652234520,+3.47,+13.834, +9.231,+0.988
1652234820,+3.47,+13.851, +9.224,+0.987
1652235120,+3.47,+13.895, +9.217,+0.987
1652235420,+3.47,+13.903, +9.217,+0.987
1652235720,+3.46,+13.947, +9.217,+0.987
1652236020,+3.46,+13.973, +9.214,+0.987
1652236320,+3.46,+13.990, +9.211,+0.987
1652236620,+3.46,+14.025, +9.206,+0.987
1652236920,+3.46,+14.051, +9.202,+0.987
1652237220,+3.46,+14.077, +9.196,+0.987
1652237520,+3.46,+14.095, +9.206,+0.987
1652237820,+3.46,+14.121, +9.197,+0.987
1652238120,+3.46,+14.147, +9.202,+0.988
1652238420,+3.46,+14.155, +9.211,+0.988
1652238720,+3.46,+14.190, +9.193,+0.987
1652239020,+3.46,+14.225, +9.187,+0.987
1652239320,+3.46,+14.242, +9.192,+0.988
1652239620,+3.46,+14.277, +9.181,+0.987
1652239920,+3.46,+14.294, +9.183,+0.987
1652240220,+3.46,+14.320, +9.173,+0.987
1652240520,+3.46,+14.320, +9.186,+0.988
1652240820,+3.46,+14.363, +9.177,+0.987
1652241120,+3.46,+14.381, +9.174,+0.987
1652241420,+3.46,+14.407, +9.172,+0.987
1652241720,+3.46,+14.424, +9.169,+0.987
1652242020,+3.46,+14.441, +9.171,+0.987
1652242320,+3.46,+14.458, +9.166,+0.987
1652242620,+3.46,+14.476, +9.167,+0.988
1652242920,+3.46,+14.502, +9.158,+0.987
1652243220,+3.46,+14.536, +9.154,+0.987
1652243520,+3.46,+14.553, +9.152,+0.987
1652243820,+3.46,+14.571, +9.148,+0.987
1652244120,+3.46,+14.597, +9.140,+0.987
1652244420,+3.46,+14.614, +9.142,+0.987
1652244720,+3.46,+14.623, +9.144,+0.987
1652245020,+3.46,+14.648, +9.140,+0.987
1652245320,+3.46,+14.674, +9.130,+0.987
1652245620,+3.46,+14.692, +9.129,+0.987
1652245920,+3.46,+14.726, +9.127,+0.987
1652246220,+3.46,+14.735, +9.123,+0.987
1652246520,+3.46,+14.743, +9.122,+0.987
1652246820,+3.46,+14.769, +9.123,+0.987
1652247120,+3.46,+14.795, +9.107,+0.986
1652247420,+3.46,+14.812, +9.117,+0.987
1652247720,+3.46,+14.830, +9.105,+0.987
1652248020,+3.46,+14.864, +9.104,+0.987
1652248320,+3.46,+14.881, +9.109,+0.987
1652248620,+3.46,+14.873, +9.103,+0.987
1652248920,+3.46,+14.898, +9.100,+0.987
1652249220,+3.46,+14.942, +9.094,+0.987
1652249520,+3.46,+14.942, +9.095,+0.987
1652249820,+3.46,+14.967, +9.088,+0.987
1652250120,+3.46,+14.993, +9.080,+0.987
1652250420,+3.46,+14.976, +9.086,+0.987
1652250720,+3.46,+15.010, +9.079,+0.987
1652251020,+3.46,+15.028, +9.075,+0.987
1652251320,+3.46,+15.053, +9.064,+0.987
1652251620,+3.46,+15.071, +9.059,+0.987
1652251920,+3.46,+15.114, +9.060,+0.987
1652252220,+3.46,+15.105, +9.057,+0.987
1652252520,+3.46,+15.105, +9.060,+0.987
1652252820,+3.46,+15.148, +9.058,+0.987
1652253120,+3.46,+15.148, +9.054,+0.987
1652253420,+3.46,+15.165, +9.048,+0.987
1652253720,+3.46,+15.191, +9.034,+0.986
1652254020,+3.46,+15.199, +9.057,+0.987
1652254320,+3.46,+15.225, +9.035,+0.987
1652254620,+3.46,+15.242, +9.031,+0.986
1652254920,+3.46,+15.242, +9.049,+0.987
1652255220,+3.46,+15.268, +9.040,+0.987
1652255520,+3.46,+15.285, +9.031,+0.987
1652255820,+3.46,+15.285, +9.050,+0.988
1652256120,+3.46,+15.328, +9.012,+0.986
1652256420,+3.46,+15.328, +9.027,+0.987
1652256720,+3.46,+15.337, +9.022,+0.987
1652257020,+3.46,+15.345, +9.028,+0.987
1652257320,+3.46,+15.363, +9.013,+0.986
1652257620,+3.46,+15.388, +9.023,+0.988
1652257920,+3.46,+15.405, +9.011,+0.987
1652258220,+3.46,+15.414, +9.006,+0.987
1652258520,+3.46,+15.405, +9.015,+0.987
1652258820,+3.46,+15.457, +8.998,+0.987
1652259120,+3.46,+15.474, +8.993,+0.987
1652259420,+3.46,+15.465, +9.004,+0.987
1652259720,+3.46,+15.491, +8.994,+0.987
1652260020,+3.45,+15.508, +8.983,+0.986
1652260320,+3.45,+15.517, +8.992,+0.987
1652260620,+3.45,+15.534, +8.989,+0.987
1652260920,+3.46,+15.543, +8.984,+0.987
1652261220,+3.45,+15.551, +8.976,+0.986
1652261520,+3.45,+15.568, +8.990,+0.987
1652261820,+3.46,+15.585, +8.971,+0.986
1652262120,+3.45,+15.577, +8.989,+0.987
1652262420,+3.45,+15.594, +8.975,+0.987
1652262720,+3.45,+15.611, +8.972,+0.987
1652263020,+3.45,+15.628, +8.968,+0.987
1652263320,+3.45,+15.628, +8.977,+0.987
1652263620,+3.45,+15.662, +8.956,+0.986
1652263920,+3.45,+15.654, +8.968,+0.987
1652264220,+3.46,+15.662, +8.970,+0.987
1652264520,+3.46,+15.671, +8.959,+0.986
1652264820,+3.46,+15.697, +8.958,+0.987
1652265120,+3.46,+15.714, +8.944,+0.986
1652265420,+3.46,+15.705, +8.952,+0.986
1652265720,+3.46,+15.731, +8.955,+0.987
1652266020,+3.46,+15.748, +8.949,+0.987
1652266320,+3.46,+15.765, +8.949,+0.987
1652266620,+3.46,+15.765, +8.942,+0.987
1652266920,+3.46,+15.748, +8.947,+0.986
1652267220,+3.46,+15.791, +8.938,+0.987
1652267520,+3.46,+15.808, +8.927,+0.986
1652267820,+3.46,+15.791, +8.943,+0.986
1652268120,+3.46,+15.808, +8.943,+0.987
1652268420,+3.46,+15.833, +8.932,+0.986
1652268720,+3.46,+15.833, +8.935,+0.987
1652269020,+3.46,+15.842, +8.930,+0.987
1652269320,+3.46,+15.850, +8.938,+0.987
1652269620,+3.46,+15.850, +8.938,+0.987
1652269920,+3.46,+15.859, +8.925,+0.986
1652270220,+3.46,+15.859, +8.934,+0.987
1652270520,+3.46,+15.885, +8.935,+0.987
1652270820,+3.46,+15.893, +8.916,+0.986
1652271120,+3.46,+15.910, +8.917,+0.986
1652271420,+3.46,+15.910, +8.919,+0.986
1652271720,+3.46,+15.902, +8.919,+0.986
1652272020,+3.46,+15.927, +8.912,+0.986
1652272320,+3.46,+15.936, +8.913,+0.987
1652272620,+3.46,+15.936, +8.911,+0.986
1652272920,+3.46,+15.944, +8.908,+0.986
1652273220,+3.46,+15.944, +8.913,+0.986
1652273520,+3.46,+15.953, +8.917,+0.987
1652273820,+3.46,+15.970, +8.897,+0.986
1652274120,+3.46,+15.979, +8.903,+0.986
1652274420,+3.46,+15.996, +8.904,+0.987
1652274720,+3.46,+15.987, +8.903,+0.986
1652275020,+3.46,+15.996, +8.909,+0.987
1652275320,+3.46,+16.013, +8.908,+0.987
1652275620,+3.46,+16.013, +8.871,+0.987
1652275920,+3.46,+15.996, +8.851,+0.986
1652276220,+3.46,+16.004, +8.845,+0.987
1652276520,+3.46,+16.030, +8.842,+0.987
1652276820,+3.46,+16.030, +8.836,+0.987
1652277120,+3.46,+16.038, +8.826,+0.986
1652277420,+3.46,+16.047, +8.836,+0.987
1652277720,+3.46,+16.064, +8.831,+0.987
1652278020,+3.46,+16.072, +8.819,+0.986
1652278320,+3.46,+16.072, +8.824,+0.986
1652278620,+3.46,+16.072, +8.821,+0.986
1652278920,+3.46,+16.089, +8.819,+0.986
1652279220,+3.46,+16.089, +8.845,+0.986
1652279520,+3.46,+16.124, +8.839,+0.986
1652279820,+3.46,+16.115, +8.845,+0.986
1652280120,+3.46,+16.124, +8.844,+0.987
1652280420,+3.46,+16.149, +8.841,+0.987
1652280720,+3.46,+16.149, +8.835,+0.986
1652281020,+3.46,+16.166, +8.825,+0.986
1652281320,+3.46,+16.166, +8.836,+0.987
1652281620,+3.46,+16.166, +8.841,+0.986
1652281920,+3.46,+16.175, +8.854,+0.987
1652282220,+3.46,+16.192, +8.833,+0.986
1652282520,+3.46,+16.192, +8.829,+0.986
1652282820,+3.46,+16.200, +8.833,+0.986
1652283120,+3.46,+16.209, +8.836,+0.987
1652283420,+3.46,+16.226, +8.824,+0.987
1652283720,+3.46,+16.234, +8.812,+0.986
1652284020,+3.46,+16.234, +8.817,+0.986
1652284320,+3.46,+16.268, +8.811,+0.986
1652284620,+3.46,+16.260, +8.815,+0.986
1652284920,+3.46,+16.251, +8.820,+0.987
1652285220,+3.46,+16.268, +8.813,+0.987
1652285520,+3.46,+16.285, +8.808,+0.987
1652285820,+3.46,+16.294, +8.805,+0.987
1652286120,+3.46,+16.302, +8.799,+0.986
1652286420,+3.46,+16.328, +8.805,+0.987
1652286720,+3.46,+16.319, +8.814,+0.987
1652287020,+3.46,+16.328, +8.816,+0.987
1652287320,+3.46,+16.345, +8.805,+0.986
1652287620,+3.46,+16.345, +8.793,+0.986
1652287920,+3.46,+16.337, +8.808,+0.987
1652288220,+3.46,+16.345, +8.788,+0.986
1652288520,+3.46,+16.362, +8.783,+0.986
1652288820,+3.46,+16.379, +8.792,+0.987
1652289120,+3.46,+16.405, +8.774,+0.986
1652289420,+3.46,+16.396, +8.786,+0.987
1652289720,+3.46,+16.422, +8.771,+0.986
1652290020,+3.46,+16.430, +8.774,+0.987
1652290320,+3.46,+16.430, +8.775,+0.986
1652290620,+3.46,+16.447, +8.764,+0.986
1652290920,+3.46,+16.456, +8.771,+0.987
1652291220,+3.46,+16.456, +8.773,+0.987
1652291520,+3.46,+16.464, +8.765,+0.986
1652291820,+3.46,+16.481, +8.770,+0.987
1652292120,+3.46,+16.481, +8.768,+0.987
1652292420,+3.46,+16.515, +8.758,+0.986
1652292720,+3.46,+16.515, +8.766,+0.987
1652293020,+3.46,+16.541, +8.750,+0.986
1652293320,+3.46,+16.541, +8.772,+0.987
1652293620,+3.45,+16.541, +8.771,+0.987
1652293920,+3.45,+16.566, +8.766,+0.987
1652294220,+3.45,+16.583, +8.748,+0.986
1652294520,+3.45,+16.583, +8.749,+0.986
1652294820,+3.45,+16.592, +8.752,+0.987
1652295120,+3.45,+16.609, +8.749,+0.986
1652295420,+3.45,+16.626, +8.735,+0.986
1652295720,+3.45,+16.609, +8.746,+0.986
1652296020,+3.45,+16.626, +8.750,+0.987
1652296320,+3.45,+16.651, +8.736,+0.986
1652296620,+3.45,+16.651, +8.736,+0.987
1652296920,+3.45,+16.660, +8.737,+0.987
1652297220,+3.45,+16.694, +8.722,+0.986
1652297520,+3.45,+16.702, +8.725,+0.986
1652297820,+3.45,+16.702, +8.732,+0.987
1652298120,+3.45,+16.702, +8.710,+0.985
