7450-696975
OS REV: 1.05 Sensor Cal: 1643738601
Time (sec),  BV (Volts),  T (deg C),  DO (mg/l),  Q ()
1652297040,+3.50,+16.683, +8.932,+0.948
1652297340,+3.50,+16.692, +8.934,+0.948
1652297640,+3.50,+16.700, +8.925,+0.948
1652297940,+3.50,+16.717, +8.927,+0.948
1652298240,+3.50,+16.734, +8.923,+0.948
1652298540,+3.50,+16.751, +8.925,+0.948
1652298840,+3.50,+16.760, +8.925,+0.949
1652299140,+3.50,+16.777, +8.917,+0.948
1652299440,+3.50,+16.777, +8.921,+0.948
1652299740,+3.50,+16.777, +8.921,+0.948
1652300040,+3.50,+16.794, +8.924,+0.949
1652300340,+3.50,+16.819, +8.911,+0.948
1652300640,+3.50,+16.819, +8.908,+0.948
1652300940,+3.50,+16.836, +8.915,+0.949
1652301240,+3.50,+16.845, +8.901,+0.948
1652301540,+3.50,+16.845, +8.917,+0.949
1652301840,+3.50,+16.853, +8.900,+0.948
1652302140,+3.50,+16.879, +8.901,+0.948
1652302440,+3.50,+16.887, +8.899,+0.948
1652302740,+3.50,+16.870, +8.895,+0.948
1652303040,+3.50,+16.879, +8.896,+0.948
1652303340,+3.50,+16.887, +8.905,+0.949
1652303640,+3.50,+16.896, +8.895,+0.948
1652303940,+3.50,+16.904, +8.891,+0.948
1652304240,+3.50,+16.913, +8.895,+0.949
1652304540,+3.50,+16.921, +8.896,+0.948
1652304840,+3.50,+16.938, +8.898,+0.949
1652305140,+3.50,+16.938, +8.884,+0.948
1652305440,+3.50,+16.938, +8.893,+0.949
1652305740,+3.50,+16.946, +8.884,+0.948
1652306040,+3.50,+16.938, +8.879,+0.948
1652306340,+3.50,+16.938, +8.877,+0.948
1652306640,+3.50,+16.946, +8.892,+0.949
1652306940,+3.50,+16.938, +8.897,+0.948
1652307240,+3.50,+16.955, +8.879,+0.948
1652307540,+3.50,+16.955, +8.884,+0.948
1652307840,+3.50,+16.938, +8.896,+0.949
1652308140,+3.50,+16.938, +8.885,+0.948
1652308440,+3.50,+16.946, +8.878,+0.948
1652308740,+3.50,+16.938, +8.884,+0.948
1652309040,+3.50,+16.955, +8.878,+0.949
1652309340,+3.50,+16.963, +8.864,+0.948
1652309640,+3.50,+16.946, +8.861,+0.948
1652309940,+3.50,+16.930, +8.868,+0.948
1652310240,+3.50,+16.938, +8.864,+0.948
1652310540,+3.50,+16.946, +8.863,+0.948
1652310840,+3.51,+16.946, +8.858,+0.948
1652311140,+3.50,+16.946, +8.867,+0.948
1652311440,+3.50,+16.938, +8.868,+0.948
1652311740,+3.50,+16.930, +8.862,+0.948
1652312040,+3.50,+16.921, +8.874,+0.949
1652312340,+3.50,+16.946, +8.863,+0.948
1652312640,+3.50,+16.946, +8.865,+0.948
1652312940,+3.50,+16.938, +8.866,+0.948
1652313240,+3.51,+16.938, +8.869,+0.949
1652313540,+3.51,+16.930, +8.872,+0.948
1652313840,+3.50,+16.930, +8.866,+0.948
1652314140,+3.50,+16.938, +8.863,+0.948
1652314440,+3.50,+16.938, +8.868,+0.949
1652314740,+3.50,+16.930, +8.864,+0.948
1652315040,+3.50,+16.946, +8.854,+0.948
1652315340,+3.50,+16.930, +8.859,+0.948
1652315640,+3.50,+16.938, +8.855,+0.948
1652315940,+3.50,+16.921, +8.864,+0.948
1652316240,+3.50,+16.930, +8.859,+0.948
1652316540,+3.50,+16.946, +8.844,+0.948
1652316840,+3.50,+16.930, +8.856,+0.949
1652317140,+3.51,+16.938, +8.854,+0.948
1652317440,+3.50,+16.938, +8.854,+0.948
1652317740,+3.50,+16.921, +8.853,+0.948
1652318040,+3.51,+16.921, +8.848,+0.948
1652318340,+3.51,+16.921, +8.851,+0.948
1652318640,+3.50,+16.913, +8.850,+0.948
1652318940,+3.51,+16.921, +8.853,+0.949
1652319240,+3.51,+16.896, +8.857,+0.948
1652319540,+3.51,+16.921, +8.852,+0.948
1652319840,+3.50,+16.921, +8.847,+0.948
1652320140,+3.51,+16.913, +8.854,+0.949
1652320440,+3.51,+16.930, +8.841,+0.948
1652320740,+3.51,+16.921, +8.843,+0.948
1652321040,+3.50,+16.879, +8.850,+0.948
1652321340,+3.50,+16.896, +8.848,+0.948
1652321640,+3.51,+16.904, +8.857,+0.949
1652321940,+3.51,+16.887, +8.865,+0.949
1652322240,+3.51,+16.887, +8.853,+0.948
1652322540,+3.51,+16.887, +8.859,+0.949
1652322840,+3.51,+16.887, +8.869,+0.949
1652323140,+3.51,+16.904, +8.848,+0.948
1652323440,+3.51,+16.879, +8.855,+0.948
1652323740,+3.51,+16.887, +8.844,+0.948
1652324040,+3.51,+16.870, +8.858,+0.949
1652324340,+3.51,+16.870, +8.854,+0.948
1652324640,+3.51,+16.853, +8.857,+0.948
1652324940,+3.51,+16.870, +8.857,+0.949
1652325240,+3.51,+16.870, +8.859,+0.949
1652325540,+3.51,+16.870, +8.865,+0.949
1652325840,+3.51,+16.862, +8.859,+0.949
1652326140,+3.51,+16.853, +8.858,+0.948
1652326440,+3.50,+16.853, +8.857,+0.949
1652326740,+3.51,+16.862, +8.849,+0.949
1652327040,+3.50,+16.845, +8.847,+0.948
1652327340,+3.51,+16.853, +8.844,+0.948
1652327640,+3.51,+16.862, +8.847,+0.949
1652327940,+3.51,+16.845, +8.852,+0.949
1652328240,+3.51,+16.853, +8.837,+0.948
1652328540,+3.51,+16.853, +8.841,+0.949
1652328840,+3.51,+16.853, +8.840,+0.949
1652329140,+3.51,+16.836, +8.840,+0.949
1652329440,+3.51,+16.853, +8.832,+0.949
1652329740,+3.50,+16.845, +8.836,+0.949
1652330040,+3.50,+16.819, +8.838,+0.949
1652330340,+3.50,+16.828, +8.836,+0.949
1652330640,+3.50,+16.836, +8.837,+0.949
1652330940,+3.50,+16.811, +8.841,+0.949
1652331240,+3.50,+16.819, +8.842,+0.949
1652331540,+3.50,+16.802, +8.829,+0.949
1652331840,+3.50,+16.811, +8.825,+0.948
1652332140,+3.50,+16.802, +8.844,+0.949
1652332440,+3.50,+16.794, +8.834,+0.949
1652332740,+3.50,+16.802, +8.829,+0.949
1652333040,+3.50,+16.794, +8.829,+0.949
1652333340,+3.50,+16.768, +8.834,+0.949
1652333640,+3.50,+16.785, +8.822,+0.948
1652333940,+3.50,+16.785, +8.831,+0.949
1652334240,+3.50,+16.760, +8.841,+0.949
1652334540,+3.50,+16.768, +8.835,+0.949
1652334840,+3.50,+16.760, +8.840,+0.949
1652335140,+3.50,+16.768, +8.833,+0.949
1652335440,+3.50,+16.760, +8.832,+0.949
1652335740,+3.50,+16.726, +8.840,+0.949
1652336040,+3.50,+16.751, +8.825,+0.949
1652336340,+3.50,+16.734, +8.835,+0.949
1652336640,+3.50,+16.717, +8.843,+0.949
1652336940,+3.50,+16.717, +8.834,+0.949
1652337240,+3.50,+16.726, +8.832,+0.949
1652337540,+3.50,+16.700, +8.828,+0.949
1652337840,+3.50,+16.709, +8.827,+0.949
1652338140,+3.50,+16.709, +8.832,+0.949
1652338440,+3.50,+16.692, +8.838,+0.949
1652338740,+3.50,+16.683, +8.842,+0.949
1652339040,+3.50,+16.683, +8.838,+0.949
1652339340,+3.50,+16.675, +8.829,+0.949
1652339640,+3.50,+16.666, +8.831,+0.949
1652339940,+3.50,+16.666, +8.827,+0.949
1652340240,+3.50,+16.658, +8.824,+0.949
1652340540,+3.50,+16.640, +8.820,+0.949
1652340840,+3.50,+16.658, +8.819,+0.949
1652341140,+3.50,+16.632, +8.819,+0.949
1652341440,+3.50,+16.640, +8.814,+0.949
1652341740,+3.50,+16.615, +8.825,+0.949
1652342040,+3.50,+16.632, +8.812,+0.949
1652342340,+3.50,+16.615, +8.807,+0.949
1652342640,+3.50,+16.632, +8.805,+0.949
1652342940,+3.50,+16.632, +8.809,+0.949
1652343240,+3.50,+16.589, +8.819,+0.949
1652343540,+3.50,+16.606, +8.813,+0.949
1652343840,+3.50,+16.606, +8.808,+0.949
1652344140,+3.50,+16.581, +8.817,+0.949
1652344440,+3.50,+16.572, +8.816,+0.949
1652344740,+3.50,+16.572, +8.818,+0.949
1652345040,+3.50,+16.572, +8.808,+0.949
1652345340,+3.50,+16.564, +8.819,+0.949
1652345640,+3.50,+16.538, +8.823,+0.949
1652345940,+3.50,+16.547, +8.811,+0.949
1652346240,+3.50,+16.555, +8.812,+0.949
1652346540,+3.50,+16.538, +8.803,+0.949
1652346840,+3.50,+16.530, +8.811,+0.949
1652347140,+3.50,+16.521, +8.817,+0.950
1652347440,+3.50,+16.530, +8.808,+0.949
1652347740,+3.50,+16.496, +8.821,+0.949
1652348040,+3.50,+16.504, +8.811,+0.950
1652348340,+3.50,+16.504, +8.801,+0.949
1652348640,+3.50,+16.470, +8.810,+0.950
1652348940,+3.50,+16.487, +8.807,+0.950
1652349240,+3.50,+16.479, +8.794,+0.949
1652349540,+3.50,+16.470, +8.788,+0.949
1652349840,+3.50,+16.445, +8.793,+0.949
1652350140,+3.50,+16.453, +8.791,+0.949
1652350440,+3.50,+16.453, +8.795,+0.950
1652350740,+3.50,+16.436, +8.795,+0.949
1652351040,+3.50,+16.445, +8.801,+0.950
1652351340,+3.50,+16.445, +8.795,+0.949
1652351640,+3.50,+16.411, +8.801,+0.949
1652351940,+3.50,+16.411, +8.807,+0.950
1652352240,+3.50,+16.411, +8.799,+0.950
1652352540,+3.50,+16.385, +8.795,+0.949
1652352840,+3.50,+16.394, +8.793,+0.949
1652353140,+3.50,+16.385, +8.788,+0.949
1652353440,+3.50,+16.385, +8.778,+0.949
1652353740,+3.50,+16.368, +8.775,+0.949
1652354040,+3.50,+16.368, +8.776,+0.950
1652354340,+3.50,+16.325, +8.798,+0.950
1652354640,+3.50,+16.334, +8.796,+0.950
1652354940,+3.50,+16.351, +8.789,+0.949
1652355240,+3.50,+16.342, +8.790,+0.950
1652355540,+3.50,+16.325, +8.776,+0.949
1652355840,+3.50,+16.325, +8.768,+0.949
1652356140,+3.50,+16.300, +8.775,+0.950
1652356440,+3.50,+16.291, +8.785,+0.950
1652356740,+3.50,+16.283, +8.788,+0.950
1652357040,+3.50,+16.291, +8.768,+0.949
1652357340,+3.50,+16.266, +8.768,+0.949
1652357640,+3.50,+16.257, +8.786,+0.950
1652357940,+3.50,+16.249, +8.786,+0.949
1652358240,+3.50,+16.274, +8.765,+0.950
1652358540,+3.50,+16.240, +8.777,+0.950
1652358840,+3.51,+16.214, +8.782,+0.950
1652359140,+3.50,+16.266, +8.758,+0.949
1652359440,+3.50,+16.206, +8.787,+0.950
1652359740,+3.50,+16.223, +8.767,+0.950
1652360040,+3.51,+16.214, +8.760,+0.950
1652360340,+3.50,+16.206, +8.766,+0.950
1652360640,+3.50,+16.214, +8.756,+0.950
1652360940,+3.50,+16.197, +8.760,+0.950
1652361240,+3.50,+16.189, +8.763,+0.950
1652361540,+3.50,+16.189, +8.778,+0.950
1652361840,+3.50,+16.180, +8.804,+0.950
1652362140,+3.51,+16.172, +8.795,+0.950
1652362440,+3.50,+16.163, +8.798,+0.950
1652362740,+3.50,+16.155, +8.803,+0.950
1652363040,+3.51,+16.163, +8.818,+0.950
1652363340,+3.51,+16.180, +8.820,+0.950
