7450-729838
OS REV: 1.05 Sensor Cal: 1643742307
Time (sec),  BV (Volts),  T (deg C),  DO (mg/l),  Q ()
1652210580,+3.47,+20.597, +8.348,+0.954
1652210880,+3.47,+20.999, +8.280,+0.955
1652211180,+3.48,+21.074, +8.280,+0.955
1652211480,+3.48,+20.798, +8.325,+0.956
1652211780,+3.48,+20.539, +8.352,+0.955
1652212080,+3.48,+20.288, +8.393,+0.955
1652212380,+3.48,+20.078, +8.431,+0.955
1652212680,+3.48,+19.953, +8.453,+0.956
1652212980,+3.48,+19.827, +8.472,+0.955
1652213280,+3.48,+19.693, +8.497,+0.956
1652213580,+3.49,+19.609, +8.516,+0.956
1652213880,+3.49,+19.508, +8.520,+0.955
1652214180,+3.49,+19.425, +8.543,+0.956
1652214480,+3.49,+19.357, +8.555,+0.956
1652214780,+3.49,+19.332, +8.550,+0.955
1652215080,+3.50,+15.848, +8.062,+0.952
1652215380,+3.50,+11.990, +8.856,+0.959
1652215680,+3.50,+11.473, +8.891,+0.960
1652215980,+3.50,+11.365, +8.985,+0.960
1652216280,+3.50,+11.329, +9.064,+0.960
1652216580,+3.50,+11.401, +9.059,+0.960
1652216880,+3.50,+11.428, +9.122,+0.960
1652217180,+3.50,+11.455, +9.201,+0.961
1652217480,+3.50,+11.535, +9.270,+0.960
1652217780,+3.50,+11.571, +9.345,+0.960
1652218080,+3.50,+11.643, +9.394,+0.960
1652218380,+3.50,+11.669, +9.411,+0.960
1652218680,+3.50,+11.750, +9.401,+0.959
1652218980,+3.50,+11.812, +9.428,+0.960
1652219280,+3.50,+11.830, +9.456,+0.960
1652219580,+3.50,+11.910, +9.457,+0.960
1652219880,+3.50,+11.946, +9.469,+0.959
1652220180,+3.50,+12.008, +9.489,+0.960
1652220480,+3.50,+12.062, +9.511,+0.959
1652220780,+3.49,+12.124, +9.538,+0.959
1652221080,+3.49,+12.168, +9.542,+0.959
1652221380,+3.49,+12.230, +9.537,+0.959
1652221680,+3.49,+12.275, +9.537,+0.959
1652221980,+3.49,+12.292, +9.549,+0.959
1652222280,+3.50,+12.363, +9.536,+0.959
1652222580,+3.50,+12.408, +9.534,+0.959
1652222880,+3.50,+12.443, +9.535,+0.959
1652223180,+3.50,+12.496, +9.530,+0.959
1652223480,+3.50,+12.531, +9.520,+0.959
1652223780,+3.50,+12.593, +9.518,+0.959
1652224080,+3.50,+12.637, +9.515,+0.959
1652224380,+3.50,+12.655, +9.529,+0.959
1652224680,+3.50,+12.726, +9.511,+0.959
1652224980,+3.50,+12.743, +9.518,+0.959
1652225280,+3.50,+12.814, +9.503,+0.959
1652225580,+3.50,+12.840, +9.504,+0.959
1652225880,+3.50,+12.867, +9.505,+0.959
1652226180,+3.50,+12.911, +9.503,+0.958
1652226480,+3.50,+12.963, +9.495,+0.959
1652226780,+3.50,+12.990, +9.498,+0.959
1652227080,+3.50,+13.016, +9.498,+0.959
1652227380,+3.49,+13.051, +9.494,+0.958
1652227680,+3.49,+13.104, +9.488,+0.958
1652227980,+3.49,+13.130, +9.487,+0.958
1652228280,+3.49,+13.157, +9.488,+0.958
1652228580,+3.49,+13.200, +9.480,+0.958
1652228880,+3.49,+13.218, +9.483,+0.958
1652229180,+3.49,+13.271, +9.473,+0.958
1652229480,+3.49,+13.297, +9.475,+0.958
1652229780,+3.49,+13.349, +9.460,+0.958
1652230080,+3.49,+13.358, +9.467,+0.958
1652230380,+3.49,+13.411, +9.463,+0.958
1652230680,+3.49,+13.446, +9.450,+0.958
1652230980,+3.49,+13.463, +9.454,+0.958
1652231280,+3.50,+13.516, +9.451,+0.958
1652231580,+3.50,+13.551, +9.449,+0.958
1652231880,+3.50,+13.577, +9.446,+0.958
1652232180,+3.50,+13.603, +9.442,+0.958
1652232480,+3.50,+13.620, +9.451,+0.958
1652232780,+3.50,+13.647, +9.444,+0.958
1652233080,+3.50,+13.690, +9.440,+0.958
1652233380,+3.50,+13.725, +9.434,+0.958
1652233680,+3.50,+13.751, +9.440,+0.958
1652233980,+3.50,+13.786, +9.428,+0.958
1652234280,+3.50,+13.804, +9.435,+0.958
1652234580,+3.50,+13.830, +9.436,+0.958
1652234880,+3.50,+13.865, +9.428,+0.958
1652235180,+3.50,+13.899, +9.424,+0.958
1652235480,+3.50,+13.925, +9.425,+0.958
1652235780,+3.50,+13.943, +9.427,+0.958
1652236080,+3.50,+13.969, +9.416,+0.958
1652236380,+3.50,+13.986, +9.425,+0.958
1652236680,+3.50,+14.012, +9.421,+0.958
1652236980,+3.49,+14.056, +9.410,+0.958
1652237280,+3.50,+14.082, +9.408,+0.958
1652237580,+3.50,+14.099, +9.403,+0.958
1652237880,+3.49,+14.125, +9.402,+0.958
1652238180,+3.49,+14.151, +9.401,+0.958
1652238480,+3.49,+14.169, +9.397,+0.957
1652238780,+3.49,+14.195, +9.402,+0.958
1652239080,+3.49,+14.229, +9.396,+0.958
1652239380,+3.49,+14.255, +9.384,+0.958
1652239680,+3.49,+14.281, +9.384,+0.958
1652239980,+3.49,+14.299, +9.391,+0.958
1652240280,+3.49,+14.307, +9.389,+0.958
1652240580,+3.49,+14.342, +9.382,+0.957
1652240880,+3.49,+14.385, +9.374,+0.958
1652241180,+3.49,+14.377, +9.388,+0.958
1652241480,+3.49,+14.403, +9.384,+0.958
1652241780,+3.49,+14.455, +9.360,+0.957
1652242080,+3.49,+14.455, +9.375,+0.958
1652242380,+3.49,+14.463, +9.369,+0.957
1652242680,+3.49,+14.498, +9.366,+0.958
1652242980,+3.49,+14.533, +9.356,+0.957
1652243280,+3.49,+14.524, +9.365,+0.957
1652243580,+3.49,+14.550, +9.356,+0.957
1652243880,+3.49,+14.576, +9.352,+0.957
1652244180,+3.50,+14.602, +9.351,+0.957
1652244480,+3.49,+14.628, +9.354,+0.958
1652244780,+3.50,+14.645, +9.350,+0.958
1652245080,+3.50,+14.671, +9.340,+0.957
1652245380,+3.50,+14.688, +9.339,+0.957
1652245680,+3.50,+14.714, +9.335,+0.957
1652245980,+3.50,+14.723, +9.337,+0.957
1652246280,+3.50,+14.749, +9.337,+0.958
1652246580,+3.50,+14.749, +9.334,+0.957
1652246880,+3.50,+14.783, +9.330,+0.957
1652247180,+3.50,+14.826, +9.323,+0.958
1652247480,+3.50,+14.826, +9.324,+0.957
1652247780,+3.50,+14.826, +9.326,+0.957
1652248080,+3.50,+14.852, +9.310,+0.957
1652248380,+3.50,+14.861, +9.316,+0.957
1652248680,+3.50,+14.904, +9.312,+0.958
1652248980,+3.50,+14.912, +9.314,+0.957
1652249280,+3.50,+14.930, +9.304,+0.957
1652249580,+3.50,+14.973, +9.297,+0.957
1652249880,+3.50,+14.973, +9.297,+0.957
1652250180,+3.50,+14.999, +9.289,+0.957
1652250480,+3.50,+14.999, +9.297,+0.957
1652250780,+3.50,+14.999, +9.300,+0.957
1652251080,+3.50,+15.033, +9.283,+0.957
1652251380,+3.50,+15.050, +9.289,+0.957
1652251680,+3.50,+15.059, +9.290,+0.957
1652251980,+3.50,+15.093, +9.281,+0.957
1652252280,+3.50,+15.110, +9.272,+0.957
1652252580,+3.50,+15.119, +9.268,+0.957
1652252880,+3.50,+15.162, +9.263,+0.957
1652253180,+3.50,+15.171, +9.268,+0.957
1652253480,+3.50,+15.179, +9.264,+0.957
1652253780,+3.50,+15.188, +9.262,+0.957
1652254080,+3.50,+15.205, +9.256,+0.957
1652254380,+3.50,+15.231, +9.260,+0.957
1652254680,+3.49,+15.231, +9.254,+0.957
1652254980,+3.49,+15.248, +9.253,+0.957
1652255280,+3.50,+15.274, +9.251,+0.957
1652255580,+3.50,+15.291, +9.241,+0.957
1652255880,+3.50,+15.299, +9.246,+0.957
1652256180,+3.49,+15.334, +9.233,+0.957
1652256480,+3.49,+15.342, +9.235,+0.957
1652256780,+3.49,+15.351, +9.226,+0.956
1652257080,+3.49,+15.360, +9.242,+0.957
1652257380,+3.49,+15.368, +9.233,+0.957
1652257680,+3.49,+15.385, +9.242,+0.957
1652257980,+3.50,+15.420, +9.220,+0.957
1652258280,+3.49,+15.420, +9.230,+0.957
1652258580,+3.50,+15.445, +9.217,+0.957
1652258880,+3.49,+15.454, +9.216,+0.957
1652259180,+3.49,+15.471, +9.216,+0.957
1652259480,+3.49,+15.463, +9.215,+0.957
1652259780,+3.49,+15.488, +9.208,+0.957
1652260080,+3.49,+15.505, +9.205,+0.957
1652260380,+3.49,+15.523, +9.207,+0.957
1652260680,+3.49,+15.540, +9.206,+0.957
1652260980,+3.49,+15.540, +9.199,+0.957
1652261280,+3.49,+15.557, +9.197,+0.957
1652261580,+3.49,+15.574, +9.206,+0.957
1652261880,+3.49,+15.574, +9.206,+0.957
1652262180,+3.49,+15.591, +9.193,+0.957
1652262480,+3.49,+15.625, +9.186,+0.957
1652262780,+3.49,+15.617, +9.190,+0.957
1652263080,+3.49,+15.625, +9.187,+0.957
1652263380,+3.49,+15.643, +9.184,+0.957
1652263680,+3.49,+15.651, +9.188,+0.957
1652263980,+3.49,+15.685, +9.175,+0.957
1652264280,+3.50,+15.677, +9.179,+0.957
1652264580,+3.50,+15.694, +9.181,+0.957
1652264880,+3.50,+15.694, +9.178,+0.957
1652265180,+3.50,+15.720, +9.173,+0.957
1652265480,+3.50,+15.728, +9.169,+0.956
1652265780,+3.50,+15.737, +9.169,+0.957
1652266080,+3.50,+15.762, +9.162,+0.957
1652266380,+3.50,+15.754, +9.169,+0.957
1652266680,+3.50,+15.762, +9.171,+0.957
1652266980,+3.50,+15.779, +9.164,+0.956
1652267280,+3.50,+15.762, +9.175,+0.957
1652267580,+3.50,+15.788, +9.166,+0.957
1652267880,+3.50,+15.788, +9.178,+0.957
1652268180,+3.50,+15.805, +9.170,+0.957
1652268480,+3.50,+15.814, +9.165,+0.957
1652268780,+3.50,+15.848, +9.154,+0.956
1652269080,+3.50,+15.839, +9.163,+0.957
1652269380,+3.50,+15.848, +9.158,+0.956
1652269680,+3.50,+15.848, +9.161,+0.957
1652269980,+3.50,+15.865, +9.155,+0.957
1652270280,+3.50,+15.882, +9.156,+0.957
1652270580,+3.50,+15.874, +9.159,+0.957
1652270880,+3.50,+15.899, +9.144,+0.956
1652271180,+3.50,+15.891, +9.148,+0.956
1652271480,+3.50,+15.899, +9.152,+0.957
1652271780,+3.50,+15.916, +9.142,+0.956
1652272080,+3.50,+15.933, +9.133,+0.956
1652272380,+3.50,+15.933, +9.148,+0.957
1652272680,+3.50,+15.942, +9.142,+0.957
1652272980,+3.50,+15.950, +9.151,+0.957
1652273280,+3.50,+15.942, +9.135,+0.956
1652273580,+3.50,+15.959, +9.139,+0.957
1652273880,+3.50,+15.976, +9.128,+0.956
1652274180,+3.50,+15.985, +9.133,+0.957
1652274480,+3.50,+16.010, +9.120,+0.956
1652274780,+3.50,+15.993, +9.129,+0.956
1652275080,+3.50,+16.019, +9.113,+0.956
1652275380,+3.50,+16.010, +9.128,+0.957
1652275680,+3.50,+15.993, +9.077,+0.956
1652275980,+3.50,+16.010, +9.053,+0.956
1652276280,+3.50,+16.019, +9.043,+0.956
1652276580,+3.50,+16.019, +9.043,+0.956
1652276880,+3.50,+16.036, +9.037,+0.956
1652277180,+3.50,+16.036, +9.043,+0.956
1652277480,+3.50,+16.044, +9.040,+0.956
1652277780,+3.50,+16.061, +9.035,+0.956
1652278080,+3.50,+16.044, +9.048,+0.957
1652278380,+3.50,+16.078, +9.032,+0.956
1652278680,+3.50,+16.087, +9.038,+0.956
1652278980,+3.50,+16.096, +9.038,+0.956
1652279280,+3.50,+16.096, +9.063,+0.956
1652279580,+3.50,+16.113, +9.057,+0.957
1652279880,+3.50,+16.121, +9.052,+0.956
1652280180,+3.50,+16.147, +9.039,+0.956
1652280480,+3.50,+16.130, +9.055,+0.956
1652280780,+3.50,+16.164, +9.045,+0.956
1652281080,+3.50,+16.164, +9.045,+0.956
1652281380,+3.50,+16.189, +9.046,+0.957
1652281680,+3.50,+16.164, +9.065,+0.956
1652281980,+3.50,+16.181, +9.064,+0.956
1652282280,+3.50,+16.206, +9.053,+0.956
1652282580,+3.50,+16.181, +9.069,+0.957
1652282880,+3.50,+16.206, +9.049,+0.956
1652283180,+3.50,+16.223, +9.044,+0.956
1652283480,+3.50,+16.206, +9.056,+0.957
1652283780,+3.50,+16.232, +9.050,+0.956
1652284080,+3.50,+16.258, +9.040,+0.956
1652284380,+3.50,+16.258, +9.036,+0.956
1652284680,+3.50,+16.258, +9.040,+0.956
1652284980,+3.50,+16.249, +9.037,+0.956
1652285280,+3.50,+16.283, +9.034,+0.956
1652285580,+3.50,+16.292, +9.033,+0.956
1652285880,+3.50,+16.300, +9.027,+0.956
1652286180,+3.50,+16.292, +9.046,+0.957
1652286480,+3.50,+16.317, +9.033,+0.956
1652286780,+3.50,+16.317, +9.032,+0.956
1652287080,+3.50,+16.326, +9.039,+0.957
1652287380,+3.50,+16.360, +9.021,+0.956
1652287680,+3.50,+16.343, +9.021,+0.956
1652287980,+3.50,+16.360, +9.013,+0.956
1652288280,+3.50,+16.368, +9.010,+0.956
1652288580,+3.50,+16.360, +9.014,+0.956
1652288880,+3.50,+16.385, +9.015,+0.957
1652289180,+3.50,+16.402, +9.005,+0.956
1652289480,+3.50,+16.411, +9.000,+0.956
1652289780,+3.50,+16.419, +9.006,+0.957
1652290080,+3.50,+16.428, +9.006,+0.957
1652290380,+3.50,+16.428, +8.998,+0.956
1652290680,+3.50,+16.453, +8.991,+0.956
1652290980,+3.50,+16.453, +9.002,+0.956
1652291280,+3.50,+16.462, +8.997,+0.956
1652291580,+3.50,+16.488, +8.982,+0.956
1652291880,+3.50,+16.488, +8.989,+0.956
1652292180,+3.50,+16.505, +8.985,+0.956
1652292480,+3.50,+16.513, +8.984,+0.956
1652292780,+3.50,+16.522, +8.984,+0.956
1652293080,+3.50,+16.547, +8.987,+0.957
1652293380,+3.50,+16.547, +8.992,+0.956
1652293680,+3.50,+16.556, +8.989,+0.956
1652293980,+3.50,+16.547, +8.990,+0.956
1652294280,+3.50,+16.573, +8.987,+0.956
1652294580,+3.50,+16.573, +8.980,+0.956
1652294880,+3.50,+16.590, +8.975,+0.956
1652295180,+3.50,+16.607, +8.967,+0.956
1652295480,+3.50,+16.624, +8.969,+0.956
1652295780,+3.50,+16.641, +8.967,+0.956
1652296080,+3.50,+16.641, +8.961,+0.956
1652296380,+3.50,+16.683, +8.958,+0.956
1652296680,+3.50,+16.675, +8.958,+0.956
1652296980,+3.50,+16.675, +8.951,+0.956
