7450-810555
OS REV: 1.05 Sensor Cal: 1649453280
Time (sec),  BV (Volts),  T (deg C),  DO (mg/l),  Q ()
1652297100,+3.52,+16.684, +9.098,+0.968
1652297400,+3.52,+16.692, +9.098,+0.967
1652297700,+3.52,+16.718, +9.091,+0.967
1652298000,+3.52,+16.726, +9.089,+0.967
1652298300,+3.52,+16.726, +9.093,+0.968
1652298600,+3.52,+16.735, +9.091,+0.967
1652298900,+3.52,+16.777, +9.074,+0.967
1652299200,+3.52,+16.769, +9.084,+0.967
1652299500,+3.52,+16.777, +9.083,+0.967
1652299800,+3.52,+16.794, +9.071,+0.967
1652300100,+3.52,+16.794, +9.080,+0.967
1652300400,+3.52,+16.811, +9.070,+0.967
1652300700,+3.52,+16.828, +9.075,+0.967
1652301000,+3.52,+16.837, +9.073,+0.967
1652301300,+3.53,+16.845, +9.062,+0.967
1652301600,+3.53,+16.871, +9.066,+0.967
1652301900,+3.53,+16.871, +9.072,+0.968
1652302200,+3.53,+16.888, +9.063,+0.967
1652302500,+3.53,+16.896, +9.062,+0.967
1652302800,+3.53,+16.879, +9.061,+0.967
1652303100,+3.53,+16.871, +9.060,+0.967
1652303400,+3.53,+16.888, +9.061,+0.967
1652303700,+3.53,+16.896, +9.058,+0.967
1652304000,+3.53,+16.905, +9.058,+0.967
1652304300,+3.53,+16.922, +9.039,+0.966
1652304600,+3.53,+16.922, +9.063,+0.968
1652304900,+3.53,+16.922, +9.059,+0.967
1652305200,+3.53,+16.922, +9.059,+0.967
1652305500,+3.53,+16.922, +9.056,+0.967
1652305800,+3.53,+16.930, +9.052,+0.967
1652306100,+3.53,+16.930, +9.052,+0.967
1652306400,+3.53,+16.939, +9.052,+0.968
1652306700,+3.53,+16.964, +9.043,+0.967
1652307000,+3.53,+16.939, +9.058,+0.967
1652307300,+3.53,+16.947, +9.061,+0.967
1652307600,+3.53,+16.947, +9.055,+0.968
1652307900,+3.53,+16.964, +9.044,+0.967
1652308200,+3.53,+16.947, +9.055,+0.967
1652308500,+3.53,+16.947, +9.059,+0.968
1652308800,+3.53,+16.956, +9.044,+0.967
1652309100,+3.53,+16.939, +9.047,+0.967
1652309400,+3.53,+16.947, +9.049,+0.968
1652309700,+3.53,+16.939, +9.045,+0.967
1652310000,+3.53,+16.956, +9.034,+0.967
1652310300,+3.53,+16.939, +9.043,+0.967
1652310600,+3.53,+16.956, +9.040,+0.967
1652310900,+3.53,+16.947, +9.039,+0.967
1652311200,+3.53,+16.964, +9.025,+0.967
1652311500,+3.53,+16.964, +9.039,+0.968
1652311800,+3.53,+16.981, +9.025,+0.968
1652312100,+3.53,+16.947, +9.029,+0.967
1652312400,+3.53,+16.973, +9.026,+0.967
1652312700,+3.53,+16.956, +9.038,+0.967
1652313000,+3.53,+16.956, +9.045,+0.968
1652313300,+3.53,+16.956, +9.031,+0.967
1652313600,+3.53,+16.947, +9.036,+0.967
1652313900,+3.53,+16.956, +9.038,+0.967
1652314200,+3.53,+16.964, +9.019,+0.967
1652314500,+3.53,+16.956, +9.023,+0.967
1652314800,+3.53,+16.930, +9.023,+0.967
1652315100,+3.53,+16.947, +9.022,+0.967
1652315400,+3.53,+16.956, +9.022,+0.967
1652315700,+3.53,+16.939, +9.023,+0.967
1652316000,+3.53,+16.930, +9.020,+0.967
1652316300,+3.53,+16.947, +9.022,+0.967
1652316600,+3.53,+16.939, +9.019,+0.967
1652316900,+3.53,+16.947, +9.018,+0.967
1652317200,+3.53,+16.939, +9.018,+0.967
1652317500,+3.53,+16.947, +9.025,+0.968
1652317800,+3.53,+16.939, +9.014,+0.968
1652318100,+3.53,+16.922, +9.016,+0.967
1652318400,+3.53,+16.939, +9.014,+0.968
1652318700,+3.53,+16.930, +9.011,+0.968
1652319000,+3.53,+16.922, +9.009,+0.967
1652319300,+3.53,+16.922, +9.010,+0.967
1652319600,+3.53,+16.922, +9.005,+0.967
1652319900,+3.53,+16.930, +9.016,+0.968
1652320200,+3.53,+16.930, +8.996,+0.967
1652320500,+3.53,+16.930, +8.997,+0.967
1652320800,+3.53,+16.922, +9.003,+0.968
1652321100,+3.53,+16.930, +9.002,+0.968
1652321400,+3.53,+16.913, +8.982,+0.967
1652321700,+3.53,+16.905, +8.997,+0.967
1652322000,+3.53,+16.896, +9.011,+0.968
1652322300,+3.53,+16.905, +8.998,+0.967
1652322600,+3.53,+16.913, +8.993,+0.967
1652322900,+3.53,+16.913, +8.989,+0.967
1652323200,+3.53,+16.905, +8.995,+0.967
1652323500,+3.53,+16.905, +8.992,+0.967
1652323800,+3.53,+16.879, +8.995,+0.967
1652324100,+3.53,+16.905, +8.991,+0.967
1652324400,+3.53,+16.905, +8.988,+0.967
1652324700,+3.53,+16.905, +9.002,+0.968
1652325000,+3.53,+16.888, +8.989,+0.967
1652325300,+3.53,+16.896, +8.996,+0.968
1652325600,+3.53,+16.879, +9.001,+0.968
1652325900,+3.53,+16.879, +9.003,+0.968
1652326200,+3.53,+16.879, +8.988,+0.967
1652326500,+3.53,+16.862, +8.985,+0.967
1652326800,+3.53,+16.879, +8.989,+0.967
1652327100,+3.53,+16.854, +9.009,+0.967
1652327400,+3.53,+16.854, +9.012,+0.967
1652327700,+3.53,+16.845, +9.016,+0.967
1652328000,+3.53,+16.862, +9.010,+0.967
1652328300,+3.53,+16.854, +9.011,+0.967
1652328600,+3.53,+16.837, +8.992,+0.967
1652328900,+3.53,+16.845, +8.998,+0.967
1652329200,+3.53,+16.828, +9.011,+0.967
1652329500,+3.53,+16.820, +9.010,+0.967
1652329800,+3.53,+16.803, +9.018,+0.967
1652330100,+3.53,+16.803, +9.021,+0.968
1652330400,+3.53,+16.811, +9.023,+0.968
1652330700,+3.53,+16.828, +9.005,+0.967
1652331000,+3.53,+16.820, +9.007,+0.968
1652331300,+3.53,+16.811, +9.011,+0.968
1652331600,+3.53,+16.811, +9.009,+0.967
1652331900,+3.53,+16.794, +9.012,+0.967
1652332200,+3.53,+16.794, +9.013,+0.967
1652332500,+3.53,+16.786, +9.014,+0.968
1652332800,+3.53,+16.769, +9.004,+0.967
1652333100,+3.53,+16.769, +9.007,+0.967
1652333400,+3.53,+16.777, +9.004,+0.967
1652333700,+3.52,+16.769, +8.997,+0.967
1652334000,+3.52,+16.777, +9.002,+0.967
1652334300,+3.52,+16.769, +9.000,+0.967
1652334600,+3.52,+16.760, +9.008,+0.967
1652334900,+3.52,+16.752, +9.010,+0.968
1652335200,+3.52,+16.769, +9.003,+0.968
1652335500,+3.52,+16.752, +8.984,+0.967
1652335800,+3.52,+16.743, +9.001,+0.968
1652336100,+3.52,+16.718, +9.001,+0.968
1652336400,+3.52,+16.735, +8.987,+0.967
1652336700,+3.52,+16.726, +8.998,+0.968
1652337000,+3.52,+16.701, +9.013,+0.968
1652337300,+3.52,+16.701, +9.003,+0.967
1652337600,+3.52,+16.701, +9.013,+0.968
1652337900,+3.52,+16.701, +9.005,+0.967
1652338200,+3.52,+16.692, +9.006,+0.967
1652338500,+3.52,+16.684, +9.004,+0.967
1652338800,+3.52,+16.684, +9.004,+0.967
1652339100,+3.52,+16.684, +9.014,+0.968
1652339400,+3.52,+16.675, +8.999,+0.967
1652339700,+3.52,+16.667, +9.002,+0.968
1652340000,+3.52,+16.675, +8.994,+0.968
1652340300,+3.52,+16.658, +8.999,+0.968
1652340600,+3.52,+16.658, +8.983,+0.967
1652340900,+3.52,+16.658, +8.981,+0.967
1652341200,+3.52,+16.624, +8.996,+0.967
1652341500,+3.52,+16.641, +9.000,+0.968
1652341800,+3.52,+16.641, +8.979,+0.967
1652342100,+3.52,+16.633, +8.980,+0.967
1652342400,+3.53,+16.633, +8.981,+0.967
1652342700,+3.53,+16.599, +8.990,+0.968
1652343000,+3.52,+16.590, +9.004,+0.968
1652343300,+3.52,+16.590, +8.999,+0.968
1652343600,+3.53,+16.607, +8.975,+0.967
1652343900,+3.53,+16.599, +8.974,+0.967
1652344200,+3.52,+16.607, +8.958,+0.967
1652344500,+3.53,+16.565, +8.975,+0.968
1652344800,+3.52,+16.573, +8.986,+0.968
1652345100,+3.52,+16.573, +8.964,+0.967
1652345400,+3.52,+16.548, +8.957,+0.967
1652345700,+3.52,+16.565, +8.978,+0.968
1652346000,+3.52,+16.548, +8.967,+0.967
1652346300,+3.52,+16.556, +8.967,+0.968
1652346600,+3.53,+16.539, +8.968,+0.968
1652346900,+3.53,+16.522, +8.970,+0.967
1652347200,+3.53,+16.522, +8.976,+0.968
1652347500,+3.53,+16.488, +8.970,+0.967
1652347800,+3.53,+16.488, +8.968,+0.968
1652348100,+3.53,+16.497, +8.949,+0.968
1652348400,+3.53,+16.497, +8.950,+0.967
1652348700,+3.53,+16.497, +8.960,+0.967
1652349000,+3.52,+16.480, +8.973,+0.967
1652349300,+3.53,+16.463, +8.976,+0.967
1652349600,+3.53,+16.463, +8.982,+0.968
1652349900,+3.53,+16.463, +8.963,+0.968
1652350200,+3.53,+16.454, +8.964,+0.967
1652350500,+3.53,+16.446, +8.977,+0.968
1652350800,+3.53,+16.446, +8.973,+0.968
1652351100,+3.53,+16.420, +8.979,+0.968
1652351400,+3.53,+16.420, +8.988,+0.968
1652351700,+3.53,+16.420, +8.967,+0.967
1652352000,+3.53,+16.412, +8.972,+0.968
1652352300,+3.53,+16.394, +8.962,+0.967
1652352600,+3.53,+16.403, +8.963,+0.968
1652352900,+3.53,+16.403, +8.949,+0.967
1652353200,+3.53,+16.377, +8.945,+0.967
1652353500,+3.53,+16.369, +8.940,+0.967
1652353800,+3.53,+16.369, +8.942,+0.967
1652354100,+3.53,+16.360, +8.928,+0.967
1652354400,+3.53,+16.352, +8.935,+0.967
1652354700,+3.53,+16.360, +8.936,+0.968
1652355000,+3.53,+16.343, +8.946,+0.968
1652355300,+3.53,+16.343, +8.936,+0.968
1652355600,+3.53,+16.326, +8.942,+0.968
1652355900,+3.53,+16.326, +8.911,+0.967
1652356200,+3.53,+16.326, +8.917,+0.968
1652356500,+3.53,+16.309, +8.928,+0.967
1652356800,+3.53,+16.301, +8.932,+0.968
1652357100,+3.53,+16.284, +8.934,+0.968
1652357400,+3.53,+16.301, +8.929,+0.967
1652357700,+3.53,+16.284, +8.926,+0.967
1652358000,+3.53,+16.284, +8.923,+0.967
1652358300,+3.53,+16.267, +8.934,+0.968
1652358600,+3.53,+16.258, +8.930,+0.968
1652358900,+3.53,+16.258, +8.918,+0.968
1652359200,+3.53,+16.250, +8.928,+0.968
1652359500,+3.53,+16.233, +8.925,+0.967
1652359800,+3.53,+16.250, +8.927,+0.968
1652360100,+3.53,+16.207, +8.927,+0.968
1652360400,+3.53,+16.224, +8.916,+0.968
1652360700,+3.53,+16.215, +8.912,+0.968
1652361000,+3.53,+16.207, +8.908,+0.968
1652361300,+3.53,+16.198, +8.934,+0.968
1652361600,+3.53,+16.181, +8.950,+0.967
1652361900,+3.53,+16.198, +8.946,+0.967
1652362200,+3.53,+16.198, +8.935,+0.967
1652362500,+3.53,+16.207, +8.950,+0.967
1652362800,+3.53,+16.198, +8.960,+0.967
