7450-810555
OS REV: 1.05 Sensor Cal: 1649453280
Time (sec),  BV (Volts),  T (deg C),  DO (mg/l),  Q ()
1652210400,+3.52,+19.385, +8.631,+0.968
1652210700,+3.52,+19.477, +8.632,+0.972
1652211000,+3.52,+20.023, +8.542,+0.968
1652211300,+3.52,+19.972, +8.560,+0.968
1652211600,+3.52,+19.788, +8.585,+0.968
1652211900,+3.52,+19.662, +8.615,+0.968
1652212200,+3.52,+19.536, +8.625,+0.967
1652212500,+3.52,+19.419, +8.656,+0.968
1652212800,+3.52,+19.368, +8.659,+0.968
1652213100,+3.52,+19.293, +8.673,+0.968
1652213400,+3.52,+19.242, +8.685,+0.968
1652213700,+3.52,+19.192, +8.694,+0.968
1652214000,+3.53,+19.158, +8.694,+0.968
1652214300,+3.53,+19.108, +8.702,+0.968
1652214600,+3.53,+19.066, +8.713,+0.968
1652214900,+3.53,+19.074, +8.719,+0.969
1652215200,+3.52,+16.684, +8.518,+0.965
1652215500,+3.53,+12.132, +9.153,+0.971
1652215800,+3.53,+11.553, +9.108,+0.972
1652216100,+3.54,+11.364, +9.211,+0.972
1652216400,+3.53,+11.373, +9.258,+0.972
1652216700,+3.53,+11.409, +9.255,+0.972
1652217000,+3.53,+11.445, +9.328,+0.972
1652217300,+3.53,+11.490, +9.420,+0.972
1652217600,+3.53,+11.544, +9.484,+0.972
1652217900,+3.53,+11.624, +9.548,+0.972
1652218200,+3.53,+11.651, +9.576,+0.972
1652218500,+3.53,+11.705, +9.584,+0.971
1652218800,+3.53,+11.767, +9.600,+0.972
1652219100,+3.53,+11.812, +9.621,+0.971
1652219400,+3.53,+11.874, +9.637,+0.972
1652219700,+3.53,+11.928, +9.642,+0.971
1652220000,+3.53,+11.936, +9.668,+0.971
1652220300,+3.53,+12.017, +9.665,+0.971
1652220600,+3.53,+12.070, +9.669,+0.971
1652220900,+3.53,+12.141, +9.657,+0.971
1652221200,+3.53,+12.177, +9.669,+0.971
1652221500,+3.53,+12.221, +9.676,+0.972
1652221800,+3.53,+12.292, +9.660,+0.971
1652222100,+3.53,+12.336, +9.648,+0.971
1652222400,+3.53,+12.363, +9.664,+0.971
1652222700,+3.53,+12.434, +9.650,+0.971
1652223000,+3.53,+12.460, +9.657,+0.971
1652223300,+3.53,+12.513, +9.644,+0.971
1652223600,+3.53,+12.549, +9.655,+0.971
1652223900,+3.53,+12.593, +9.643,+0.971
1652224200,+3.53,+12.655, +9.634,+0.971
1652224500,+3.53,+12.681, +9.633,+0.971
1652224800,+3.53,+12.725, +9.643,+0.971
1652225100,+3.53,+12.752, +9.638,+0.971
1652225400,+3.53,+12.805, +9.634,+0.971
1652225700,+3.53,+12.849, +9.622,+0.970
1652226000,+3.53,+12.884, +9.630,+0.971
1652226300,+3.53,+12.919, +9.617,+0.970
1652226600,+3.53,+12.963, +9.628,+0.971
1652226900,+3.53,+13.007, +9.618,+0.971
1652227200,+3.53,+13.033, +9.620,+0.970
1652227500,+3.53,+13.060, +9.618,+0.970
1652227800,+3.53,+13.130, +9.618,+0.971
1652228100,+3.53,+13.147, +9.600,+0.970
1652228400,+3.53,+13.183, +9.616,+0.971
1652228700,+3.52,+13.209, +9.603,+0.970
1652229000,+3.52,+13.244, +9.608,+0.971
1652229300,+3.52,+13.297, +9.594,+0.970
1652229600,+3.52,+13.314, +9.600,+0.970
1652229900,+3.52,+13.340, +9.614,+0.971
1652230200,+3.52,+13.402, +9.587,+0.970
1652230500,+3.52,+13.419, +9.594,+0.970
1652230800,+3.52,+13.463, +9.582,+0.970
1652231100,+3.53,+13.472, +9.588,+0.970
1652231400,+3.53,+13.533, +9.577,+0.970
1652231700,+3.53,+13.550, +9.576,+0.970
1652232000,+3.53,+13.576, +9.582,+0.970
1652232300,+3.53,+13.611, +9.574,+0.970
1652232600,+3.53,+13.620, +9.583,+0.970
1652232900,+3.53,+13.672, +9.577,+0.970
1652233200,+3.53,+13.707, +9.568,+0.970
1652233500,+3.53,+13.725, +9.563,+0.970
1652233800,+3.53,+13.751, +9.567,+0.970
1652234100,+3.53,+13.786, +9.577,+0.970
1652234400,+3.53,+13.812, +9.562,+0.970
1652234700,+3.53,+13.856, +9.559,+0.970
1652235000,+3.53,+13.873, +9.555,+0.970
1652235300,+3.53,+13.908, +9.553,+0.970
1652235600,+3.53,+13.943, +9.554,+0.970
1652235900,+3.53,+13.951, +9.556,+0.970
1652236200,+3.53,+13.969, +9.554,+0.970
1652236500,+3.52,+14.012, +9.549,+0.970
1652236800,+3.52,+14.030, +9.547,+0.970
1652237100,+3.52,+14.056, +9.541,+0.969
1652237400,+3.52,+14.099, +9.542,+0.970
1652237700,+3.52,+14.099, +9.541,+0.969
1652238000,+3.52,+14.125, +9.545,+0.970
1652238300,+3.52,+14.169, +9.532,+0.969
1652238600,+3.52,+14.186, +9.525,+0.969
1652238900,+3.52,+14.195, +9.538,+0.969
1652239200,+3.52,+14.238, +9.523,+0.969
1652239500,+3.52,+14.264, +9.511,+0.969
1652239800,+3.52,+14.290, +9.513,+0.969
1652240100,+3.52,+14.325, +9.514,+0.969
1652240400,+3.52,+14.333, +9.517,+0.969
1652240700,+3.52,+14.342, +9.518,+0.969
1652241000,+3.52,+14.377, +9.503,+0.969
1652241300,+3.52,+14.403, +9.506,+0.969
1652241600,+3.52,+14.446, +9.488,+0.969
1652241900,+3.52,+14.437, +9.505,+0.969
1652242200,+3.52,+14.463, +9.498,+0.969
1652242500,+3.52,+14.472, +9.502,+0.969
1652242800,+3.52,+14.515, +9.491,+0.969
1652243100,+3.52,+14.524, +9.488,+0.969
1652243400,+3.52,+14.558, +9.483,+0.969
1652243700,+3.52,+14.584, +9.479,+0.969
1652244000,+3.52,+14.576, +9.481,+0.969
1652244300,+3.52,+14.610, +9.482,+0.969
1652244600,+3.52,+14.610, +9.494,+0.969
1652244900,+3.53,+14.662, +9.481,+0.969
1652245200,+3.53,+14.688, +9.469,+0.969
1652245500,+3.53,+14.697, +9.467,+0.969
1652245800,+3.53,+14.688, +9.481,+0.969
1652246100,+3.53,+14.731, +9.468,+0.969
1652246400,+3.53,+14.757, +9.458,+0.969
1652246700,+3.53,+14.783, +9.452,+0.969
1652247000,+3.53,+14.800, +9.450,+0.969
1652247300,+3.53,+14.809, +9.454,+0.969
1652247600,+3.53,+14.835, +9.449,+0.969
1652247900,+3.53,+14.843, +9.458,+0.969
1652248200,+3.53,+14.878, +9.438,+0.969
1652248500,+3.53,+14.887, +9.437,+0.968
1652248800,+3.53,+14.895, +9.446,+0.969
1652249100,+3.53,+14.938, +9.434,+0.969
1652249400,+3.53,+14.938, +9.433,+0.969
1652249700,+3.52,+14.981, +9.427,+0.969
1652250000,+3.52,+14.981, +9.431,+0.969
1652250300,+3.52,+14.990, +9.428,+0.969
1652250600,+3.52,+15.016, +9.426,+0.969
1652250900,+3.52,+15.042, +9.425,+0.969
1652251200,+3.52,+15.042, +9.418,+0.969
1652251500,+3.52,+15.076, +9.408,+0.969
1652251800,+3.52,+15.085, +9.413,+0.969
1652252100,+3.52,+15.119, +9.403,+0.969
1652252400,+3.52,+15.119, +9.411,+0.969
1652252700,+3.52,+15.128, +9.406,+0.969
1652253000,+3.52,+15.162, +9.401,+0.969
1652253300,+3.52,+15.196, +9.378,+0.968
1652253600,+3.52,+15.188, +9.382,+0.968
1652253900,+3.52,+15.196, +9.396,+0.969
1652254200,+3.52,+15.222, +9.384,+0.968
1652254500,+3.52,+15.222, +9.392,+0.969
1652254800,+3.52,+15.239, +9.384,+0.968
1652255100,+3.52,+15.248, +9.386,+0.968
1652255400,+3.52,+15.291, +9.376,+0.969
1652255700,+3.52,+15.291, +9.376,+0.968
1652256000,+3.52,+15.325, +9.371,+0.969
1652256300,+3.52,+15.343, +9.359,+0.968
1652256600,+3.52,+15.334, +9.372,+0.969
1652256900,+3.52,+15.351, +9.361,+0.968
1652257200,+3.52,+15.377, +9.352,+0.968
1652257500,+3.52,+15.386, +9.353,+0.968
1652257800,+3.52,+15.411, +9.356,+0.969
1652258100,+3.52,+15.411, +9.355,+0.968
1652258400,+3.52,+15.428, +9.352,+0.968
1652258700,+3.52,+15.446, +9.346,+0.968
1652259000,+3.52,+15.463, +9.349,+0.968
1652259300,+3.52,+15.471, +9.345,+0.968
1652259600,+3.52,+15.488, +9.347,+0.969
1652259900,+3.52,+15.506, +9.334,+0.968
1652260200,+3.52,+15.514, +9.343,+0.969
1652260500,+3.52,+15.531, +9.342,+0.969
1652260800,+3.52,+15.540, +9.333,+0.968
1652261100,+3.52,+15.549, +9.336,+0.968
1652261400,+3.52,+15.574, +9.328,+0.968
1652261700,+3.52,+15.583, +9.328,+0.968
1652262000,+3.52,+15.600, +9.316,+0.968
1652262300,+3.52,+15.583, +9.328,+0.968
1652262600,+3.52,+15.626, +9.315,+0.968
1652262900,+3.52,+15.643, +9.314,+0.968
1652263200,+3.52,+15.643, +9.319,+0.968
1652263500,+3.52,+15.634, +9.321,+0.968
1652263800,+3.52,+15.660, +9.317,+0.968
1652264100,+3.52,+15.668, +9.314,+0.968
1652264400,+3.52,+15.703, +9.294,+0.968
1652264700,+3.52,+15.686, +9.311,+0.968
1652265000,+3.52,+15.703, +9.308,+0.968
1652265300,+3.52,+15.711, +9.305,+0.968
1652265600,+3.52,+15.728, +9.308,+0.968
1652265900,+3.52,+15.737, +9.294,+0.968
1652266200,+3.52,+15.746, +9.296,+0.968
1652266500,+3.53,+15.763, +9.303,+0.969
1652266800,+3.53,+15.763, +9.309,+0.969
1652267100,+3.52,+15.780, +9.302,+0.969
1652267400,+3.52,+15.763, +9.307,+0.968
1652267700,+3.52,+15.797, +9.290,+0.968
1652268000,+3.53,+15.797, +9.295,+0.968
1652268300,+3.53,+15.823, +9.291,+0.968
1652268600,+3.52,+15.823, +9.293,+0.968
1652268900,+3.52,+15.831, +9.291,+0.968
1652269200,+3.52,+15.840, +9.297,+0.968
1652269500,+3.53,+15.857, +9.283,+0.968
1652269800,+3.53,+15.857, +9.292,+0.968
1652270100,+3.53,+15.882, +9.285,+0.968
1652270400,+3.53,+15.882, +9.285,+0.968
1652270700,+3.53,+15.891, +9.279,+0.968
1652271000,+3.53,+15.891, +9.283,+0.968
1652271300,+3.52,+15.900, +9.285,+0.968
1652271600,+3.52,+15.900, +9.281,+0.968
1652271900,+3.52,+15.917, +9.267,+0.967
1652272200,+3.53,+15.934, +9.275,+0.968
1652272500,+3.52,+15.942, +9.272,+0.968
1652272800,+3.53,+15.942, +9.270,+0.968
1652273100,+3.53,+15.959, +9.274,+0.968
1652273400,+3.53,+15.959, +9.255,+0.967
1652273700,+3.53,+15.976, +9.267,+0.968
1652274000,+3.52,+15.985, +9.253,+0.968
1652274300,+3.53,+15.976, +9.261,+0.968
1652274600,+3.52,+16.002, +9.256,+0.968
1652274900,+3.52,+15.994, +9.259,+0.968
1652275200,+3.53,+16.028, +9.248,+0.968
1652275500,+3.53,+16.011, +9.231,+0.968
1652275800,+3.52,+16.002, +9.206,+0.968
1652276100,+3.53,+16.019, +9.199,+0.968
1652276400,+3.53,+16.028, +9.184,+0.967
1652276700,+3.53,+16.028, +9.192,+0.968
1652277000,+3.52,+16.019, +9.199,+0.968
1652277300,+3.52,+16.045, +9.184,+0.968
1652277600,+3.52,+16.045, +9.188,+0.968
1652277900,+3.52,+16.070, +9.185,+0.968
1652278200,+3.52,+16.079, +9.171,+0.967
1652278500,+3.52,+16.087, +9.171,+0.967
1652278800,+3.52,+16.079, +9.190,+0.968
1652279100,+3.52,+16.096, +9.207,+0.968
1652279400,+3.52,+16.105, +9.203,+0.968
1652279700,+3.52,+16.139, +9.200,+0.968
1652280000,+3.52,+16.113, +9.194,+0.968
1652280300,+3.52,+16.147, +9.185,+0.967
1652280600,+3.52,+16.156, +9.187,+0.968
1652280900,+3.52,+16.173, +9.194,+0.968
1652281200,+3.52,+16.164, +9.195,+0.968
1652281500,+3.52,+16.173, +9.204,+0.968
1652281800,+3.52,+16.181, +9.199,+0.968
1652282100,+3.52,+16.181, +9.203,+0.968
1652282400,+3.52,+16.181, +9.192,+0.968
1652282700,+3.52,+16.215, +9.184,+0.968
1652283000,+3.52,+16.198, +9.183,+0.967
1652283300,+3.52,+16.233, +9.173,+0.968
1652283600,+3.52,+16.224, +9.174,+0.968
1652283900,+3.52,+16.267, +9.163,+0.968
1652284200,+3.52,+16.241, +9.185,+0.968
1652284500,+3.52,+16.250, +9.180,+0.968
1652284800,+3.52,+16.284, +9.167,+0.968
1652285100,+3.52,+16.267, +9.177,+0.968
1652285400,+3.52,+16.292, +9.175,+0.968
1652285700,+3.52,+16.301, +9.168,+0.968
1652286000,+3.52,+16.309, +9.155,+0.967
1652286300,+3.52,+16.318, +9.166,+0.968
1652286600,+3.52,+16.343, +9.168,+0.968
1652286900,+3.52,+16.335, +9.177,+0.968
1652287200,+3.52,+16.343, +9.177,+0.968
1652287500,+3.52,+16.335, +9.171,+0.968
1652287800,+3.52,+16.343, +9.150,+0.967
1652288100,+3.52,+16.360, +9.156,+0.968
1652288400,+3.52,+16.377, +9.146,+0.967
1652288700,+3.52,+16.377, +9.157,+0.968
1652289000,+3.52,+16.377, +9.150,+0.968
1652289300,+3.52,+16.403, +9.144,+0.968
1652289600,+3.52,+16.412, +9.136,+0.967
1652289900,+3.52,+16.429, +9.134,+0.967
1652290200,+3.52,+16.437, +9.129,+0.967
1652290500,+3.52,+16.446, +9.130,+0.968
1652290800,+3.52,+16.454, +9.130,+0.967
1652291100,+3.52,+16.471, +9.129,+0.968
1652291400,+3.52,+16.471, +9.118,+0.967
1652291700,+3.52,+16.488, +9.122,+0.967
1652292000,+3.52,+16.497, +9.124,+0.968
1652292300,+3.52,+16.505, +9.127,+0.968
1652292600,+3.52,+16.522, +9.117,+0.967
1652292900,+3.52,+16.531, +9.121,+0.968
1652293200,+3.52,+16.531, +9.143,+0.968
1652293500,+3.52,+16.548, +9.132,+0.967
1652293800,+3.52,+16.556, +9.135,+0.968
1652294100,+3.52,+16.565, +9.133,+0.968
1652294400,+3.52,+16.573, +9.124,+0.967
1652294700,+3.52,+16.590, +9.116,+0.968
1652295000,+3.52,+16.607, +9.119,+0.968
1652295300,+3.52,+16.607, +9.117,+0.968
1652295600,+3.52,+16.624, +9.104,+0.967
1652295900,+3.52,+16.641, +9.111,+0.968
1652296200,+3.52,+16.641, +9.100,+0.967
1652296500,+3.52,+16.633, +9.107,+0.967
1652296800,+3.52,+16.684, +9.094,+0.967
