7450-832153
OS REV: 1.05 Sensor Cal: 1649453576
Time (sec),  BV (Volts),  T (deg C),  DO (mg/l),  Q ()
1652297580,+3.51,+16.694, +9.004,+0.977
1652297880,+3.51,+16.711, +8.998,+0.977
1652298180,+3.51,+16.711, +9.002,+0.977
1652298480,+3.51,+16.737, +8.996,+0.977
1652298780,+3.51,+16.737, +8.996,+0.977
1652299080,+3.51,+16.754, +8.993,+0.977
1652299380,+3.51,+16.754, +8.993,+0.977
1652299680,+3.51,+16.771, +8.992,+0.977
1652299980,+3.51,+16.788, +8.983,+0.977
1652300280,+3.51,+16.804, +8.978,+0.977
1652300580,+3.51,+16.813, +8.980,+0.977
1652300880,+3.51,+16.813, +8.973,+0.976
1652301180,+3.51,+16.838, +8.977,+0.977
1652301480,+3.51,+16.847, +8.972,+0.976
1652301780,+3.51,+16.838, +8.980,+0.977
1652302080,+3.51,+16.864, +8.980,+0.977
1652302380,+3.51,+16.872, +8.966,+0.976
1652302680,+3.51,+16.855, +8.975,+0.977
1652302980,+3.51,+16.864, +8.966,+0.977
1652303280,+3.51,+16.889, +8.952,+0.976
1652303580,+3.51,+16.881, +8.949,+0.977
1652303880,+3.51,+16.906, +8.957,+0.977
1652304180,+3.51,+16.915, +8.954,+0.976
1652304480,+3.51,+16.906, +8.967,+0.977
1652304780,+3.51,+16.906, +8.963,+0.977
1652305080,+3.51,+16.923, +8.967,+0.977
1652305380,+3.51,+16.906, +8.962,+0.977
1652305680,+3.51,+16.940, +8.945,+0.977
1652305980,+3.51,+16.932, +8.942,+0.977
1652306280,+3.51,+16.915, +8.939,+0.977
1652306580,+3.51,+16.932, +8.951,+0.977
1652306880,+3.51,+16.940, +8.963,+0.977
1652307180,+3.51,+16.932, +8.955,+0.976
1652307480,+3.51,+16.949, +8.962,+0.977
1652307780,+3.51,+16.966, +8.958,+0.977
1652308080,+3.51,+16.932, +8.961,+0.977
1652308380,+3.51,+16.949, +8.957,+0.977
1652308680,+3.51,+16.940, +8.941,+0.976
1652308980,+3.51,+16.932, +8.937,+0.977
1652309280,+3.51,+16.932, +8.932,+0.977
1652309580,+3.51,+16.940, +8.928,+0.977
1652309880,+3.51,+16.932, +8.931,+0.977
1652310180,+3.51,+16.957, +8.915,+0.977
1652310480,+3.51,+16.949, +8.919,+0.977
1652310780,+3.51,+16.940, +8.919,+0.977
1652311080,+3.51,+16.949, +8.918,+0.977
1652311380,+3.51,+16.957, +8.920,+0.977
1652311680,+3.51,+16.949, +8.913,+0.976
1652311980,+3.51,+16.957, +8.916,+0.977
1652312280,+3.51,+16.957, +8.917,+0.977
1652312580,+3.51,+16.949, +8.921,+0.977
1652312880,+3.51,+16.940, +8.910,+0.976
1652313180,+3.51,+16.957, +8.910,+0.977
1652313480,+3.51,+16.957, +8.903,+0.976
1652313780,+3.51,+16.966, +8.901,+0.977
1652314080,+3.51,+16.949, +8.909,+0.977
1652314380,+3.51,+16.957, +8.914,+0.977
1652314680,+3.51,+16.949, +8.905,+0.977
1652314980,+3.51,+16.949, +8.898,+0.976
1652315280,+3.51,+16.957, +8.906,+0.977
1652315580,+3.51,+16.932, +8.903,+0.976
1652315880,+3.51,+16.915, +8.913,+0.977
1652316180,+3.51,+16.923, +8.919,+0.977
1652316480,+3.51,+16.957, +8.912,+0.977
1652316780,+3.51,+16.949, +8.901,+0.977
1652317080,+3.51,+16.940, +8.908,+0.977
1652317380,+3.51,+16.932, +8.894,+0.976
1652317680,+3.51,+16.957, +8.894,+0.977
1652317980,+3.51,+16.932, +8.903,+0.977
1652318280,+3.51,+16.932, +8.897,+0.976
1652318580,+3.51,+16.923, +8.906,+0.977
1652318880,+3.51,+16.932, +8.902,+0.977
1652319180,+3.51,+16.932, +8.907,+0.977
1652319480,+3.51,+16.932, +8.905,+0.977
1652319780,+3.51,+16.906, +8.904,+0.977
1652320080,+3.51,+16.923, +8.898,+0.977
1652320380,+3.51,+16.923, +8.901,+0.977
1652320680,+3.51,+16.915, +8.892,+0.976
1652320980,+3.51,+16.915, +8.894,+0.977
1652321280,+3.51,+16.898, +8.904,+0.977
1652321580,+3.51,+16.906, +8.895,+0.977
1652321880,+3.51,+16.898, +8.891,+0.976
1652322180,+3.51,+16.906, +8.895,+0.977
1652322480,+3.52,+16.915, +8.892,+0.977
1652322780,+3.52,+16.889, +8.895,+0.977
1652323080,+3.51,+16.906, +8.886,+0.976
1652323380,+3.52,+16.889, +8.887,+0.977
1652323680,+3.52,+16.898, +8.877,+0.976
1652323980,+3.51,+16.872, +8.898,+0.977
1652324280,+3.51,+16.898, +8.873,+0.976
1652324580,+3.52,+16.889, +8.879,+0.977
1652324880,+3.52,+16.889, +8.889,+0.977
1652325180,+3.51,+16.898, +8.881,+0.977
1652325480,+3.52,+16.872, +8.880,+0.977
1652325780,+3.52,+16.889, +8.872,+0.977
1652326080,+3.52,+16.881, +8.883,+0.977
1652326380,+3.52,+16.872, +8.876,+0.977
1652326680,+3.52,+16.872, +8.880,+0.977
1652326980,+3.52,+16.872, +8.882,+0.977
1652327280,+3.51,+16.889, +8.874,+0.977
1652327580,+3.51,+16.864, +8.895,+0.977
1652327880,+3.52,+16.855, +8.893,+0.977
1652328180,+3.52,+16.872, +8.877,+0.977
1652328480,+3.51,+16.847, +8.901,+0.978
1652328780,+3.52,+16.872, +8.880,+0.977
1652329080,+3.52,+16.838, +8.888,+0.977
1652329380,+3.51,+16.847, +8.884,+0.977
1652329680,+3.52,+16.855, +8.877,+0.977
1652329980,+3.52,+16.838, +8.886,+0.977
1652330280,+3.51,+16.813, +8.893,+0.977
1652330580,+3.51,+16.813, +8.889,+0.977
1652330880,+3.51,+16.830, +8.876,+0.977
1652331180,+3.51,+16.830, +8.875,+0.977
1652331480,+3.51,+16.813, +8.887,+0.977
1652331780,+3.51,+16.813, +8.881,+0.977
1652332080,+3.51,+16.830, +8.877,+0.977
1652332380,+3.51,+16.788, +8.890,+0.977
1652332680,+3.51,+16.796, +8.883,+0.977
1652332980,+3.51,+16.796, +8.883,+0.977
1652333280,+3.51,+16.796, +8.882,+0.977
1652333580,+3.51,+16.779, +8.880,+0.977
1652333880,+3.51,+16.779, +8.891,+0.977
1652334180,+3.51,+16.788, +8.879,+0.977
1652334480,+3.51,+16.779, +8.892,+0.978
1652334780,+3.51,+16.788, +8.866,+0.977
1652335080,+3.51,+16.771, +8.881,+0.977
1652335380,+3.51,+16.762, +8.878,+0.977
1652335680,+3.51,+16.754, +8.884,+0.977
1652335980,+3.51,+16.754, +8.876,+0.977
1652336280,+3.51,+16.737, +8.876,+0.977
1652336580,+3.51,+16.737, +8.881,+0.977
1652336880,+3.51,+16.728, +8.884,+0.977
1652337180,+3.51,+16.728, +8.875,+0.977
1652337480,+3.51,+16.720, +8.865,+0.977
1652337780,+3.51,+16.720, +8.879,+0.977
1652338080,+3.51,+16.694, +8.880,+0.977
1652338380,+3.51,+16.711, +8.858,+0.977
1652338680,+3.51,+16.694, +8.866,+0.977
1652338980,+3.51,+16.694, +8.874,+0.977
1652339280,+3.51,+16.694, +8.860,+0.977
1652339580,+3.51,+16.677, +8.865,+0.977
1652339880,+3.51,+16.669, +8.875,+0.977
1652340180,+3.51,+16.677, +8.864,+0.977
1652340480,+3.51,+16.694, +8.850,+0.977
1652340780,+3.51,+16.652, +8.869,+0.977
1652341080,+3.51,+16.660, +8.873,+0.978
1652341380,+3.51,+16.652, +8.868,+0.977
1652341680,+3.51,+16.626, +8.865,+0.977
1652341980,+3.51,+16.643, +8.866,+0.977
1652342280,+3.51,+16.635, +8.862,+0.977
1652342580,+3.51,+16.618, +8.862,+0.977
1652342880,+3.51,+16.635, +8.857,+0.977
1652343180,+3.51,+16.626, +8.858,+0.977
1652343480,+3.51,+16.601, +8.869,+0.977
1652343780,+3.51,+16.609, +8.852,+0.977
1652344080,+3.51,+16.618, +8.852,+0.977
1652344380,+3.51,+16.592, +8.845,+0.977
1652344680,+3.51,+16.584, +8.852,+0.977
1652344980,+3.51,+16.592, +8.847,+0.977
1652345280,+3.51,+16.567, +8.848,+0.977
1652345580,+3.51,+16.558, +8.859,+0.977
1652345880,+3.51,+16.575, +8.848,+0.977
1652346180,+3.51,+16.567, +8.849,+0.977
1652346480,+3.51,+16.558, +8.834,+0.977
1652346780,+3.51,+16.550, +8.837,+0.977
1652347080,+3.51,+16.516, +8.854,+0.977
1652347380,+3.51,+16.541, +8.848,+0.977
1652347680,+3.51,+16.541, +8.850,+0.977
1652347980,+3.51,+16.524, +8.856,+0.977
1652348280,+3.51,+16.524, +8.847,+0.977
1652348580,+3.51,+16.524, +8.825,+0.977
1652348880,+3.51,+16.499, +8.836,+0.977
1652349180,+3.51,+16.481, +8.840,+0.977
1652349480,+3.51,+16.499, +8.827,+0.977
1652349780,+3.51,+16.481, +8.847,+0.977
1652350080,+3.51,+16.481, +8.850,+0.977
1652350380,+3.51,+16.481, +8.844,+0.977
1652350680,+3.51,+16.464, +8.840,+0.977
1652350980,+3.51,+16.464, +8.841,+0.977
1652351280,+3.51,+16.481, +8.827,+0.977
1652351580,+3.51,+16.447, +8.841,+0.977
1652351880,+3.51,+16.422, +8.850,+0.977
1652352180,+3.51,+16.422, +8.849,+0.977
1652352480,+3.51,+16.422, +8.841,+0.977
1652352780,+3.51,+16.405, +8.818,+0.977
1652353080,+3.51,+16.396, +8.819,+0.977
1652353380,+3.51,+16.388, +8.838,+0.977
1652353680,+3.51,+16.396, +8.839,+0.978
1652353980,+3.51,+16.379, +8.832,+0.977
1652354280,+3.51,+16.379, +8.818,+0.977
1652354580,+3.51,+16.371, +8.810,+0.977
1652354880,+3.51,+16.362, +8.819,+0.977
1652355180,+3.51,+16.345, +8.822,+0.977
1652355480,+3.51,+16.345, +8.823,+0.977
1652355780,+3.51,+16.345, +8.818,+0.977
1652356080,+3.51,+16.328, +8.824,+0.977
1652356380,+3.51,+16.320, +8.831,+0.977
1652356680,+3.51,+16.320, +8.824,+0.977
1652356980,+3.51,+16.311, +8.812,+0.977
1652357280,+3.51,+16.311, +8.811,+0.977
1652357580,+3.51,+16.311, +8.789,+0.977
1652357880,+3.51,+16.277, +8.813,+0.978
1652358180,+3.51,+16.269, +8.818,+0.978
1652358480,+3.51,+16.277, +8.807,+0.978
1652358780,+3.51,+16.260, +8.802,+0.977
1652359080,+3.51,+16.269, +8.801,+0.978
1652359380,+3.51,+16.269, +8.776,+0.977
1652359680,+3.51,+16.269, +8.783,+0.977
1652359980,+3.51,+16.235, +8.806,+0.978
1652360280,+3.51,+16.235, +8.802,+0.978
1652360580,+3.51,+16.235, +8.796,+0.978
1652360880,+3.51,+16.235, +8.776,+0.978
1652361180,+3.51,+16.209, +8.781,+0.978
1652361480,+3.51,+16.209, +8.782,+0.977
1652361780,+3.51,+16.141, +9.054,+0.978
