7450-272507
OS REV: 1.05 Sensor Cal: 1630429143
Time (sec),  BV (Volts),  T (deg C),  DO (mg/l),  Q ()
1653603900,+3.47,+16.965, +9.234,+0.942
1653604200,+3.46,+15.627, +9.538,+0.945
1653604500,+3.46,+15.353, +9.485,+0.946
1653604800,+3.46,+15.267, +9.488,+0.947
1653605100,+3.46,+15.438, +9.490,+0.947
1653605400,+3.46,+15.507, +9.552,+0.947
1653605700,+3.46,+15.541, +9.478,+0.947
1653606000,+3.46,+15.567, +9.482,+0.948
1653606300,+3.46,+15.550, +9.447,+0.947
1653606600,+3.46,+15.498, +9.443,+0.947
1653606900,+3.46,+15.516, +9.442,+0.947
1653607200,+3.46,+15.533, +9.440,+0.947
1653607500,+3.46,+15.635, +9.423,+0.948
1653607800,+3.46,+15.704, +9.387,+0.947
1653608100,+3.47,+15.738, +9.404,+0.947
1653608400,+3.46,+15.721, +9.389,+0.947
1653608700,+3.46,+15.687, +9.385,+0.947
1653609000,+3.46,+15.653, +9.404,+0.947
1653609300,+3.46,+15.644, +9.494,+0.947
1653609600,+3.46,+15.661, +9.433,+0.948
1653609900,+3.46,+15.661, +9.475,+0.947
1653610200,+3.46,+15.678, +9.483,+0.947
1653610500,+3.46,+15.678, +9.439,+0.948
1653610800,+3.46,+15.670, +9.404,+0.947
1653611100,+3.46,+15.687, +9.404,+0.947
1653611400,+3.46,+15.670, +9.488,+0.947
1653611700,+3.46,+15.644, +9.437,+0.947
1653612000,+3.46,+15.635, +9.442,+0.947
1653612300,+3.46,+15.550, +9.432,+0.948
1653612600,+3.46,+15.533, +9.422,+0.948
1653612900,+3.46,+15.558, +9.401,+0.947
1653613200,+3.46,+15.567, +9.396,+0.948
1653613500,+3.46,+15.533, +9.410,+0.948
1653613800,+3.46,+15.524, +9.390,+0.947
1653614100,+3.46,+15.498, +9.413,+0.948
1653614400,+3.46,+15.498, +9.396,+0.947
1653614700,+3.46,+15.447, +9.405,+0.948
1653615000,+3.46,+15.438, +9.398,+0.947
1653615300,+3.46,+15.430, +9.389,+0.947
1653615600,+3.46,+15.301, +9.416,+0.947
1653615900,+3.46,+15.250, +9.432,+0.948
1653616200,+3.46,+15.241, +9.416,+0.947
1653616500,+3.46,+15.241, +9.432,+0.948
1653616800,+3.46,+15.215, +9.421,+0.947
1653617100,+3.46,+15.198, +9.432,+0.948
1653617400,+3.46,+15.198, +9.432,+0.948
1653617700,+3.46,+15.189, +9.430,+0.948
1653618000,+3.46,+15.198, +9.422,+0.948
1653618300,+3.46,+15.172, +9.417,+0.947
1653618600,+3.46,+15.146, +9.431,+0.948
1653618900,+3.46,+15.155, +9.418,+0.947
1653619200,+3.46,+15.138, +9.417,+0.947
1653619500,+3.46,+15.146, +9.427,+0.948
1653619800,+3.46,+15.146, +9.418,+0.948
1653620100,+3.46,+15.112, +9.420,+0.948
1653620400,+3.46,+15.086, +9.418,+0.947
1653620700,+3.46,+15.060, +9.433,+0.948
1653621000,+3.46,+15.026, +9.436,+0.948
1653621300,+3.46,+15.043, +9.414,+0.947
1653621600,+3.46,+15.009, +9.425,+0.948
1653621900,+3.46,+14.992, +9.421,+0.948
1653622200,+3.46,+14.957, +9.435,+0.948
1653622500,+3.46,+14.940, +9.427,+0.948
1653622800,+3.46,+14.905, +9.443,+0.948
1653623100,+3.46,+14.880, +9.434,+0.948
1653623400,+3.46,+14.854, +9.441,+0.948
1653623700,+3.46,+14.845, +9.433,+0.948
1653624000,+3.46,+14.854, +9.420,+0.947
1653624300,+3.46,+14.828, +9.425,+0.948
1653624600,+3.46,+14.793, +9.431,+0.948
1653624900,+3.46,+14.750, +9.433,+0.948
1653625200,+3.46,+14.690, +9.438,+0.948
1653625500,+3.46,+14.664, +9.448,+0.948
1653625800,+3.46,+14.638, +9.455,+0.949
1653626100,+3.46,+14.629, +9.444,+0.948
1653626400,+3.46,+14.621, +9.430,+0.948
1653626700,+3.46,+14.543, +9.441,+0.948
1653627000,+3.46,+14.439, +9.454,+0.947
1653627300,+3.46,+14.344, +9.481,+0.948
1653627600,+3.46,+14.327, +9.478,+0.948
1653627900,+3.46,+14.344, +9.484,+0.948
1653628200,+3.46,+14.361, +9.478,+0.948
1653628500,+3.46,+14.448, +9.452,+0.948
1653628800,+3.46,+14.422, +9.460,+0.948
1653629100,+3.46,+14.413, +9.454,+0.948
1653629400,+3.46,+14.396, +9.461,+0.948
1653629700,+3.46,+14.353, +9.466,+0.948
1653630000,+3.46,+14.249, +9.479,+0.948
1653630300,+3.46,+14.214, +9.479,+0.948
1653630600,+3.46,+14.179, +9.482,+0.948
1653630900,+3.46,+14.171, +9.475,+0.948
1653631200,+3.46,+14.127, +9.499,+0.948
1653631500,+3.46,+14.084, +9.503,+0.949
1653631800,+3.46,+14.049, +9.500,+0.948
1653632100,+3.46,+13.971, +9.514,+0.948
1653632400,+3.46,+13.936, +9.514,+0.948
1653632700,+3.46,+13.901, +9.518,+0.948
1653633000,+3.46,+13.919, +9.527,+0.948
1653633300,+3.46,+13.945, +9.511,+0.948
1653633600,+3.46,+13.892, +9.510,+0.948
1653633900,+3.46,+13.840, +9.525,+0.948
1653634200,+3.46,+13.788, +9.538,+0.949
1653634500,+3.46,+13.762, +9.537,+0.948
1653634800,+3.46,+13.771, +9.528,+0.948
1653635100,+3.46,+13.736, +9.539,+0.948
1653635400,+3.46,+13.727, +9.539,+0.948
1653635700,+3.46,+13.692, +9.535,+0.948
1653636000,+3.46,+13.666, +9.548,+0.949
1653636300,+3.46,+13.631, +9.546,+0.948
1653636600,+3.46,+13.596, +9.548,+0.948
1653636900,+3.46,+13.587, +9.555,+0.949
1653637200,+3.46,+13.535, +9.559,+0.948
1653637500,+3.46,+13.483, +9.573,+0.949
1653637800,+3.46,+13.448, +9.579,+0.949
1653638100,+3.46,+13.421, +9.585,+0.949
1653638400,+3.46,+13.395, +9.581,+0.948
1653638700,+3.46,+13.360, +9.579,+0.948
1653639000,+3.46,+13.334, +9.593,+0.949
1653639300,+3.46,+13.316, +9.587,+0.948
1653639600,+3.46,+13.290, +9.588,+0.948
1653639900,+3.46,+13.290, +9.583,+0.948
1653640200,+3.46,+13.325, +9.582,+0.949
1653640500,+3.46,+13.316, +9.572,+0.948
1653640800,+3.46,+13.299, +9.579,+0.948
1653641100,+3.46,+13.273, +9.592,+0.949
1653641400,+3.46,+13.238, +9.587,+0.948
1653641700,+3.46,+13.264, +9.587,+0.949
1653642000,+3.46,+13.255, +9.589,+0.949
1653642300,+3.46,+13.255, +9.584,+0.949
1653642600,+3.46,+13.238, +9.580,+0.948
1653642900,+3.46,+13.229, +9.581,+0.948
1653643200,+3.46,+13.194, +9.594,+0.948
1653643500,+3.46,+13.176, +9.591,+0.948
1653643800,+3.46,+13.132, +9.607,+0.949
1653644100,+3.46,+13.132, +9.594,+0.948
1653644400,+3.46,+13.106, +9.603,+0.948
1653644700,+3.46,+13.080, +9.613,+0.949
1653645000,+3.46,+13.053, +9.621,+0.949
1653645300,+3.46,+13.036, +9.613,+0.948
1653645600,+3.46,+13.027, +9.610,+0.948
1653645900,+3.46,+13.001, +9.622,+0.949
1653646200,+3.46,+12.992, +9.617,+0.948
1653646500,+3.46,+12.983, +9.623,+0.949
1653646800,+3.46,+12.974, +9.606,+0.948
1653647100,+3.46,+12.957, +9.615,+0.949
1653647400,+3.46,+12.939, +9.604,+0.948
1653647700,+3.46,+12.913, +9.616,+0.948
1653648000,+3.46,+12.913, +9.620,+0.949
1653648300,+3.46,+12.886, +9.612,+0.948
1653648600,+3.46,+12.877, +9.609,+0.948
1653648900,+3.46,+12.860, +9.622,+0.949
1653649200,+3.46,+12.833, +9.615,+0.948
1653649500,+3.46,+12.798, +9.630,+0.949
1653649800,+3.46,+12.772, +9.648,+0.949
1653650100,+3.46,+12.622, +9.650,+0.948
1653650400,+3.46,+12.675, +9.653,+0.948
1653650700,+3.46,+12.666, +9.651,+0.949
1653651000,+3.46,+12.569, +9.664,+0.949
1653651300,+3.46,+12.516, +9.688,+0.949
1653651600,+3.46,+12.551, +9.674,+0.948
1653651900,+3.46,+12.436, +9.701,+0.949
1653652200,+3.46,+12.507, +9.681,+0.948
1653652500,+3.46,+12.454, +9.692,+0.948
1653652800,+3.46,+12.392, +9.718,+0.949
1653653100,+3.46,+12.383, +9.711,+0.948
1653653400,+3.46,+12.419, +9.705,+0.948
1653653700,+3.46,+12.392, +9.707,+0.948
1653654000,+3.46,+12.445, +9.700,+0.948
1653654300,+3.46,+12.436, +9.713,+0.949
1653654600,+3.46,+12.427, +9.704,+0.948
1653654900,+3.46,+12.419, +9.700,+0.948
1653655200,+3.46,+12.436, +9.693,+0.948
1653655500,+3.46,+12.445, +9.703,+0.948
1653655800,+3.46,+12.481, +9.692,+0.948
1653656100,+3.46,+12.481, +9.680,+0.947
1653656400,+3.46,+12.445, +9.700,+0.948
1653656700,+3.46,+12.454, +9.686,+0.947
1653657000,+3.46,+12.542, +9.664,+0.947
1653657300,+3.46,+12.578, +9.669,+0.947
1653657600,+3.46,+12.595, +9.662,+0.946
1653657900,+3.46,+12.595, +9.679,+0.947
1653658200,+3.46,+12.587, +9.672,+0.947
1653658500,+3.46,+12.481, +9.637,+0.947
1653658800,+3.46,+13.518, +9.382,+0.947
1653659100,+3.45,+15.250, +9.008,+0.947
1653659400,+3.46,+16.054, +8.834,+0.947
1653659700,+3.45,+16.361, +8.775,+0.946
1653660000,+3.45,+16.327, +8.795,+0.947
1653660300,+3.45,+16.216, +8.822,+0.947
1653660600,+3.45,+16.123, +8.838,+0.947
1653660900,+3.46,+16.046, +8.854,+0.947
1653661200,+3.46,+16.003, +8.864,+0.947
1653661500,+3.46,+15.969, +8.870,+0.947
1653661800,+3.46,+15.995, +8.867,+0.947
1653662100,+3.46,+15.995, +8.863,+0.947
1653662400,+3.46,+16.037, +8.870,+0.948
1653662700,+3.46,+16.071, +8.845,+0.946
1653663000,+3.45,+16.131, +8.844,+0.947
1653663300,+3.45,+16.174, +8.833,+0.947
1653663600,+3.45,+16.421, +8.765,+0.947
1653663900,+3.45,+17.219, +8.633,+0.946
1653664200,+3.45,+17.532, +8.599,+0.947
1653664500,+3.45,+17.760, +8.568,+0.948
1653664800,+3.45,+17.988, +8.514,+0.947
