7450-326945
OS REV: 1.05 Sensor Cal: 1630428969
Time (sec),  BV (Volts),  T (deg C),  DO (mg/l),  Q ()
1653603780,+3.46,+16.809, +9.166,+0.924
1653604080,+3.46,+15.649, +9.419,+0.926
1653604380,+3.46,+15.340, +9.395,+0.927
1653604680,+3.46,+15.271, +9.361,+0.926
1653604980,+3.46,+15.237, +9.342,+0.928
1653605280,+3.46,+15.383, +9.467,+0.927
1653605580,+3.46,+15.494, +9.337,+0.926
1653605880,+3.46,+15.537, +9.303,+0.928
1653606180,+3.46,+15.546, +9.286,+0.927
1653606480,+3.46,+15.546, +9.256,+0.927
1653606780,+3.46,+15.546, +9.228,+0.927
1653607080,+3.46,+15.537, +9.213,+0.927
1653607380,+3.46,+15.537, +9.221,+0.927
1653607680,+3.46,+15.623, +9.226,+0.928
1653607980,+3.46,+15.709, +9.169,+0.928
1653608280,+3.46,+15.726, +9.176,+0.927
1653608580,+3.46,+15.692, +9.182,+0.927
1653608880,+3.46,+15.666, +9.202,+0.928
1653609180,+3.46,+15.666, +9.210,+0.927
1653609480,+3.46,+15.666, +9.311,+0.928
1653609780,+3.46,+15.666, +9.291,+0.927
1653610080,+3.46,+15.674, +9.278,+0.927
1653610380,+3.46,+15.657, +9.248,+0.927
1653610680,+3.46,+15.657, +9.236,+0.927
1653610980,+3.46,+15.692, +9.203,+0.927
1653611280,+3.46,+15.666, +9.356,+0.927
1653611580,+3.46,+15.657, +9.241,+0.927
1653611880,+3.46,+15.614, +9.234,+0.927
1653612180,+3.46,+15.580, +9.225,+0.927
1653612480,+3.46,+15.546, +9.203,+0.927
1653612780,+3.46,+15.546, +9.224,+0.927
1653613080,+3.46,+15.555, +9.198,+0.926
1653613380,+3.46,+15.537, +9.187,+0.927
1653613680,+3.46,+15.520, +9.201,+0.927
1653613980,+3.46,+15.512, +9.222,+0.927
1653614280,+3.46,+15.477, +9.223,+0.927
1653614580,+3.46,+15.452, +9.234,+0.928
1653614880,+3.46,+15.434, +9.218,+0.928
1653615180,+3.46,+15.357, +9.218,+0.927
1653615480,+3.46,+15.306, +9.214,+0.927
1653615780,+3.46,+15.271, +9.202,+0.927
1653616080,+3.46,+15.237, +9.218,+0.927
1653616380,+3.46,+15.228, +9.221,+0.927
1653616680,+3.46,+15.246, +9.206,+0.927
1653616980,+3.46,+15.246, +9.200,+0.928
1653617280,+3.46,+15.228, +9.202,+0.927
1653617580,+3.46,+15.194, +9.211,+0.928
1653617880,+3.46,+15.203, +9.202,+0.927
1653618180,+3.46,+15.185, +9.190,+0.927
1653618480,+3.46,+15.168, +9.197,+0.927
1653618780,+3.46,+15.194, +9.192,+0.927
1653619080,+3.46,+15.194, +9.194,+0.927
1653619380,+3.46,+15.194, +9.194,+0.927
1653619680,+3.46,+15.177, +9.205,+0.928
1653619980,+3.46,+15.151, +9.203,+0.928
1653620280,+3.46,+15.108, +9.200,+0.927
1653620580,+3.46,+15.091, +9.198,+0.927
1653620880,+3.46,+15.074, +9.200,+0.927
1653621180,+3.46,+15.091, +9.201,+0.927
1653621480,+3.46,+15.065, +9.204,+0.928
1653621780,+3.46,+15.048, +9.189,+0.927
1653622080,+3.46,+14.996, +9.208,+0.927
1653622380,+3.46,+14.962, +9.198,+0.927
1653622680,+3.46,+14.962, +9.198,+0.927
1653622980,+3.46,+14.927, +9.211,+0.928
1653623280,+3.46,+14.919, +9.198,+0.927
1653623580,+3.46,+14.919, +9.204,+0.927
1653623880,+3.46,+14.927, +9.192,+0.927
1653624180,+3.46,+14.901, +9.201,+0.927
1653624480,+3.46,+14.824, +9.222,+0.927
1653624780,+3.46,+14.789, +9.220,+0.927
1653625080,+3.46,+14.763, +9.245,+0.928
1653625380,+3.46,+14.694, +9.306,+0.927
1653625680,+3.46,+14.694, +9.298,+0.927
1653625980,+3.46,+14.703, +9.428,+0.927
1653626280,+3.46,+14.677, +9.388,+0.927
1653626580,+3.45,+14.582, +9.338,+0.928
1653626880,+3.45,+14.504, +9.291,+0.927
1653627180,+3.45,+14.461, +9.303,+0.927
1653627480,+3.45,+14.400, +9.318,+0.928
1653627780,+3.45,+14.418, +9.276,+0.927
1653628080,+3.45,+14.478, +9.246,+0.927
1653628380,+3.45,+14.495, +9.229,+0.927
1653628680,+3.45,+14.470, +9.216,+0.928
1653628980,+3.45,+14.418, +9.239,+0.927
1653629280,+3.45,+14.409, +9.198,+0.927
1653629580,+3.45,+14.322, +9.187,+0.926
1653629880,+3.46,+14.262, +9.211,+0.928
1653630180,+3.46,+14.201, +9.227,+0.927
1653630480,+3.46,+14.184, +9.246,+0.928
1653630780,+3.46,+14.149, +9.198,+0.926
1653631080,+3.46,+14.158, +9.186,+0.927
1653631380,+3.46,+14.123, +9.180,+0.927
1653631680,+3.46,+14.071, +9.184,+0.927
1653631980,+3.46,+14.001, +9.228,+0.927
1653632280,+3.46,+13.932, +9.228,+0.927
1653632580,+3.46,+13.949, +9.197,+0.927
1653632880,+3.46,+13.992, +9.215,+0.928
1653633180,+3.46,+13.975, +9.189,+0.927
1653633480,+3.46,+13.905, +9.198,+0.927
1653633780,+3.46,+13.827, +9.201,+0.927
1653634080,+3.46,+13.757, +9.240,+0.928
1653634380,+3.46,+13.775, +9.226,+0.927
1653634680,+3.46,+13.784, +9.230,+0.927
1653634980,+3.46,+13.757, +9.201,+0.927
1653635280,+3.46,+13.714, +9.205,+0.927
1653635580,+3.46,+13.696, +9.209,+0.927
1653635880,+3.46,+13.670, +9.197,+0.927
1653636180,+3.46,+13.644, +9.205,+0.927
1653636480,+3.46,+13.592, +9.212,+0.927
1653636780,+3.46,+13.592, +9.207,+0.927
1653637080,+3.46,+13.592, +9.219,+0.928
1653637380,+3.46,+13.522, +9.227,+0.927
1653637680,+3.45,+13.469, +9.236,+0.927
1653637980,+3.45,+13.478, +9.248,+0.927
1653638280,+3.45,+13.469, +9.226,+0.927
1653638580,+3.45,+13.408, +9.254,+0.927
1653638880,+3.45,+13.434, +9.266,+0.927
1653639180,+3.45,+13.391, +9.271,+0.927
1653639480,+3.45,+13.373, +9.300,+0.927
1653639780,+3.45,+13.382, +9.348,+0.927
1653640080,+3.45,+13.408, +9.328,+0.927
1653640380,+3.45,+13.408, +9.358,+0.927
1653640680,+3.45,+13.347, +9.311,+0.927
1653640980,+3.45,+13.373, +9.323,+0.927
1653641280,+3.45,+13.321, +9.319,+0.928
1653641580,+3.45,+13.286, +9.326,+0.927
1653641880,+3.45,+13.294, +9.355,+0.927
1653642180,+3.45,+13.259, +9.373,+0.927
1653642480,+3.45,+13.268, +9.360,+0.927
1653642780,+3.45,+13.251, +9.357,+0.927
1653643080,+3.45,+13.242, +9.345,+0.927
1653643380,+3.45,+13.224, +9.350,+0.927
1653643680,+3.45,+13.198, +9.350,+0.927
1653643980,+3.45,+13.154, +9.361,+0.927
1653644280,+3.45,+13.154, +9.357,+0.927
1653644580,+3.45,+13.128, +9.352,+0.927
1653644880,+3.45,+13.110, +9.374,+0.928
1653645180,+3.45,+13.084, +9.363,+0.927
1653645480,+3.45,+13.040, +9.372,+0.927
1653645780,+3.45,+13.058, +9.406,+0.927
1653646080,+3.45,+13.066, +9.398,+0.927
1653646380,+3.45,+13.058, +9.404,+0.927
1653646680,+3.45,+13.014, +9.419,+0.928
1653646980,+3.45,+13.005, +9.383,+0.927
1653647280,+3.45,+12.970, +9.408,+0.928
1653647580,+3.46,+12.961, +9.378,+0.927
1653647880,+3.45,+12.934, +9.370,+0.927
1653648180,+3.45,+12.926, +9.379,+0.927
1653648480,+3.46,+12.917, +9.397,+0.928
1653648780,+3.46,+12.882, +9.410,+0.927
1653649080,+3.46,+12.846, +9.418,+0.928
1653649380,+3.46,+12.838, +9.409,+0.927
1653649680,+3.46,+12.802, +9.400,+0.927
1653649980,+3.46,+12.705, +9.397,+0.927
1653650280,+3.46,+12.653, +9.435,+0.927
1653650580,+3.46,+12.697, +9.428,+0.927
1653650880,+3.46,+12.564, +9.451,+0.927
1653651180,+3.46,+12.520, +9.492,+0.927
1653651480,+3.46,+12.600, +9.482,+0.927
1653651780,+3.46,+12.520, +9.475,+0.927
1653652080,+3.46,+12.467, +9.483,+0.927
1653652380,+3.46,+12.538, +9.480,+0.928
1653652680,+3.45,+12.414, +9.479,+0.928
1653652980,+3.45,+12.343, +9.537,+0.927
1653653280,+3.46,+12.458, +9.499,+0.927
1653653580,+3.45,+12.396, +9.505,+0.927
1653653880,+3.46,+12.432, +9.509,+0.928
1653654180,+3.46,+12.449, +9.488,+0.927
1653654480,+3.46,+12.449, +9.499,+0.928
1653654780,+3.45,+12.396, +9.503,+0.928
1653655080,+3.45,+12.352, +9.504,+0.928
1653655380,+3.45,+12.378, +9.492,+0.927
1653655680,+3.45,+12.361, +9.501,+0.927
1653655980,+3.45,+12.387, +9.486,+0.927
1653656280,+3.45,+12.299, +9.528,+0.928
1653656580,+3.45,+12.263, +9.564,+0.928
1653656880,+3.45,+12.308, +9.557,+0.927
1653657180,+3.45,+12.299, +9.524,+0.927
1653657480,+3.45,+12.316, +9.505,+0.927
1653657780,+3.45,+12.308, +9.527,+0.928
1653658080,+3.45,+12.281, +9.545,+0.928
1653658380,+3.45,+12.308, +9.669,+0.928
1653658680,+3.45,+12.308, +9.536,+0.927
1653658980,+3.45,+14.305, +9.037,+0.927
1653659280,+3.45,+14.088, +9.090,+0.927
1653659580,+3.45,+13.740, +9.178,+0.927
1653659880,+3.45,+13.688, +9.196,+0.927
1653660180,+3.45,+13.653, +9.210,+0.928
1653660480,+3.45,+13.688, +9.191,+0.927
1653660780,+3.45,+13.740, +9.175,+0.927
1653661080,+3.45,+13.801, +9.163,+0.926
1653661380,+3.45,+13.853, +9.158,+0.927
1653661680,+3.45,+13.949, +9.137,+0.927
1653661980,+3.45,+14.019, +9.134,+0.927
1653662280,+3.45,+14.105, +9.109,+0.927
1653662580,+3.45,+14.184, +9.093,+0.927
1653662880,+3.45,+14.227, +9.087,+0.927
1653663180,+3.45,+14.314, +9.062,+0.927
1653663480,+3.45,+14.400, +9.054,+0.927
1653663780,+3.45,+14.487, +9.023,+0.927
1653664080,+3.45,+14.556, +9.010,+0.927
1653664380,+3.45,+14.634, +9.007,+0.927
1653664680,+3.45,+14.712, +8.981,+0.927
1653664980,+3.45,+14.798, +8.963,+0.927
1653665280,+3.45,+14.858, +8.947,+0.926
1653665580,+3.45,+14.936, +8.938,+0.927
1653665880,+3.45,+15.013, +8.922,+0.927
1653666180,+3.45,+15.640, +8.757,+0.927
1653666480,+3.45,+15.726, +8.746,+0.927
1653666780,+3.45,+15.666, +8.758,+0.927
1653667080,+3.45,+15.666, +8.747,+0.927
