7450-614557
OS REV: 1.05 Sensor Cal: 1582212566
Time (sec),  BV (Volts),  T (deg C),  DO (mg/l),  Q ()
1653603540,+3.41,+15.539, +9.483,+1.015
1653603840,+3.42,+15.093, +9.521,+1.017
1653604140,+3.42,+15.024, +9.463,+1.017
1653604440,+3.42,+15.007, +9.363,+1.017
1653604740,+3.42,+15.015, +9.337,+1.017
1653605040,+3.41,+15.256, +9.333,+1.018
1653605340,+3.41,+15.419, +9.373,+1.017
1653605640,+3.41,+15.471, +9.298,+1.018
1653605940,+3.41,+15.496, +9.297,+1.018
1653606240,+3.41,+15.522, +9.250,+1.017
1653606540,+3.41,+15.471, +9.252,+1.017
1653606840,+3.41,+15.471, +9.234,+1.017
1653607140,+3.41,+15.513, +9.216,+1.017
1653607440,+3.41,+15.599, +9.203,+1.017
1653607740,+3.41,+15.676, +9.187,+1.017
1653608040,+3.41,+15.719, +9.190,+1.017
1653608340,+3.41,+15.685, +9.185,+1.017
1653608640,+3.41,+15.659, +9.187,+1.017
1653608940,+3.41,+15.650, +9.176,+1.017
1653609240,+3.41,+15.616, +9.213,+1.016
1653609540,+3.41,+15.642, +9.224,+1.017
1653609840,+3.41,+15.633, +9.287,+1.017
1653610140,+3.41,+15.659, +9.245,+1.016
1653610440,+3.41,+15.650, +9.219,+1.016
1653610740,+3.41,+15.659, +9.196,+1.016
1653611040,+3.41,+15.650, +9.201,+1.017
1653611340,+3.41,+15.625, +9.299,+1.017
1653611640,+3.41,+15.625, +9.257,+1.017
1653611940,+3.41,+15.625, +9.214,+1.016
1653612240,+3.41,+15.513, +9.208,+1.017
1653612540,+3.41,+15.513, +9.202,+1.017
1653612840,+3.41,+15.531, +9.192,+1.017
1653613140,+3.41,+15.548, +9.167,+1.017
1653613440,+3.41,+15.539, +9.171,+1.017
1653613740,+3.41,+15.513, +9.167,+1.016
1653614040,+3.41,+15.505, +9.170,+1.017
1653614340,+3.41,+15.479, +9.179,+1.017
1653614640,+3.41,+15.479, +9.174,+1.017
1653614940,+3.41,+15.410, +9.172,+1.016
1653615240,+3.41,+15.402, +9.185,+1.017
1653615540,+3.41,+15.325, +9.191,+1.017
1653615840,+3.41,+15.265, +9.198,+1.017
1653616140,+3.41,+15.204, +9.206,+1.017
1653616440,+3.41,+15.222, +9.205,+1.017
1653616740,+3.41,+15.196, +9.207,+1.017
1653617040,+3.41,+15.196, +9.212,+1.018
1653617340,+3.41,+15.179, +9.211,+1.017
1653617640,+3.41,+15.179, +9.202,+1.017
1653617940,+3.41,+15.153, +9.207,+1.017
1653618240,+3.41,+15.136, +9.204,+1.017
1653618540,+3.41,+15.110, +9.209,+1.017
1653618840,+3.41,+15.093, +9.222,+1.018
1653619140,+3.41,+15.101, +9.206,+1.017
1653619440,+3.41,+15.101, +9.202,+1.017
1653619740,+3.41,+15.101, +9.204,+1.017
1653620040,+3.41,+15.058, +9.208,+1.017
1653620340,+3.41,+15.067, +9.195,+1.017
1653620640,+3.42,+15.041, +9.215,+1.018
1653620940,+3.41,+15.032, +9.199,+1.017
1653621240,+3.42,+14.989, +9.215,+1.017
1653621540,+3.42,+14.981, +9.206,+1.017
1653621840,+3.42,+14.946, +9.217,+1.017
1653622140,+3.42,+14.929, +9.217,+1.017
1653622440,+3.42,+14.903, +9.216,+1.017
1653622740,+3.42,+14.895, +9.211,+1.017
1653623040,+3.42,+14.852, +9.215,+1.017
1653623340,+3.42,+14.826, +9.206,+1.017
1653623640,+3.42,+14.808, +9.202,+1.017
1653623940,+3.42,+14.791, +9.217,+1.017
1653624240,+3.42,+14.791, +9.202,+1.017
1653624540,+3.42,+14.783, +9.205,+1.017
1653624840,+3.42,+14.714, +9.224,+1.017
1653625140,+3.42,+14.653, +9.225,+1.017
1653625440,+3.41,+14.619, +9.227,+1.016
1653625740,+3.41,+14.601, +9.232,+1.017
1653626040,+3.41,+14.584, +9.239,+1.018
1653626340,+3.41,+14.584, +9.233,+1.017
1653626640,+3.41,+14.541, +9.235,+1.017
1653626940,+3.41,+14.411, +9.243,+1.017
1653627240,+3.41,+14.307, +9.256,+1.017
1653627540,+3.41,+14.229, +9.288,+1.017
1653627840,+3.41,+14.255, +9.283,+1.017
1653628140,+3.41,+14.281, +9.268,+1.017
1653628440,+3.41,+14.324, +9.264,+1.018
1653628740,+3.41,+14.342, +9.249,+1.017
1653629040,+3.41,+14.350, +9.254,+1.017
1653629340,+3.41,+14.359, +9.253,+1.018
1653629640,+3.41,+14.324, +9.257,+1.017
1653629940,+3.41,+14.238, +9.250,+1.017
1653630240,+3.41,+14.186, +9.266,+1.017
1653630540,+3.41,+14.168, +9.262,+1.017
1653630840,+3.41,+14.151, +9.258,+1.017
1653631140,+3.41,+14.082, +9.275,+1.017
1653631440,+3.41,+14.073, +9.279,+1.017
1653631740,+3.41,+14.073, +9.274,+1.017
1653632040,+3.41,+13.969, +9.290,+1.018
1653632340,+3.42,+13.856, +9.306,+1.017
1653632640,+3.42,+13.864, +9.304,+1.017
1653632940,+3.42,+13.847, +9.297,+1.017
1653633240,+3.41,+13.856, +9.298,+1.017
1653633540,+3.42,+13.864, +9.292,+1.017
1653633840,+3.42,+13.829, +9.298,+1.017
1653634140,+3.42,+13.786, +9.297,+1.017
1653634440,+3.42,+13.725, +9.314,+1.017
1653634740,+3.42,+13.734, +9.310,+1.017
1653635040,+3.42,+13.699, +9.315,+1.017
1653635340,+3.42,+13.699, +9.307,+1.017
1653635640,+3.42,+13.681, +9.315,+1.017
1653635940,+3.42,+13.664, +9.306,+1.017
1653636240,+3.42,+13.620, +9.312,+1.017
1653636540,+3.42,+13.585, +9.326,+1.018
1653636840,+3.42,+13.550, +9.319,+1.017
1653637140,+3.41,+13.533, +9.317,+1.017
1653637440,+3.41,+13.489, +9.343,+1.018
1653637740,+3.41,+13.437, +9.349,+1.018
1653638040,+3.41,+13.411, +9.336,+1.017
1653638340,+3.41,+13.393, +9.344,+1.017
1653638640,+3.41,+13.349, +9.347,+1.017
1653638940,+3.41,+13.305, +9.369,+1.018
1653639240,+3.41,+13.288, +9.359,+1.017
1653639540,+3.41,+13.262, +9.370,+1.017
1653639840,+3.41,+13.235, +9.387,+1.018
1653640140,+3.41,+13.270, +9.369,+1.017
1653640440,+3.41,+13.288, +9.360,+1.018
1653640740,+3.41,+13.235, +9.373,+1.017
1653641040,+3.41,+13.209, +9.375,+1.017
1653641340,+3.41,+13.227, +9.373,+1.017
1653641640,+3.41,+13.200, +9.379,+1.017
1653641940,+3.41,+13.218, +9.375,+1.017
1653642240,+3.41,+13.200, +9.378,+1.017
1653642540,+3.41,+13.209, +9.365,+1.017
1653642840,+3.41,+13.192, +9.380,+1.018
1653643140,+3.41,+13.174, +9.381,+1.018
1653643440,+3.41,+13.139, +9.389,+1.018
1653643740,+3.41,+13.130, +9.386,+1.018
1653644040,+3.41,+13.104, +9.399,+1.018
1653644340,+3.41,+13.069, +9.397,+1.018
1653644640,+3.41,+13.051, +9.405,+1.018
1653644940,+3.41,+13.051, +9.390,+1.017
1653645240,+3.41,+13.007, +9.402,+1.017
1653645540,+3.41,+12.990, +9.403,+1.018
1653645840,+3.41,+12.954, +9.411,+1.017
1653646140,+3.41,+12.937, +9.412,+1.017
1653646440,+3.41,+12.946, +9.398,+1.017
1653646740,+3.41,+12.937, +9.400,+1.017
1653647040,+3.41,+12.919, +9.420,+1.018
1653647340,+3.41,+12.919, +9.405,+1.017
1653647640,+3.41,+12.867, +9.422,+1.018
1653647940,+3.41,+12.858, +9.422,+1.018
1653648240,+3.41,+12.849, +9.426,+1.018
1653648540,+3.41,+12.840, +9.419,+1.018
1653648840,+3.41,+12.823, +9.418,+1.018
1653649140,+3.41,+12.805, +9.426,+1.018
1653649440,+3.41,+12.787, +9.421,+1.018
1653649740,+3.41,+12.752, +9.425,+1.018
1653650040,+3.42,+12.584, +9.460,+1.018
1653650340,+3.41,+12.646, +9.443,+1.017
1653650640,+3.42,+12.576, +9.444,+1.017
1653650940,+3.42,+12.531, +9.449,+1.017
1653651240,+3.42,+12.461, +9.479,+1.017
1653651540,+3.42,+12.505, +9.466,+1.017
1653651840,+3.41,+12.416, +9.484,+1.017
1653652140,+3.42,+12.452, +9.493,+1.018
1653652440,+3.42,+12.443, +9.488,+1.017
1653652740,+3.41,+12.372, +9.508,+1.018
1653653040,+3.41,+12.337, +9.511,+1.018
1653653340,+3.41,+12.363, +9.510,+1.018
1653653640,+3.41,+12.381, +9.501,+1.017
1653653940,+3.42,+12.452, +9.481,+1.017
1653654240,+3.42,+12.443, +9.489,+1.017
1653654540,+3.42,+12.470, +9.476,+1.017
1653654840,+3.42,+12.540, +9.445,+1.016
1653655140,+3.42,+12.602, +9.437,+1.017
1653655440,+3.42,+12.611, +9.426,+1.016
1653655740,+3.42,+12.646, +9.428,+1.017
1653656040,+3.42,+12.629, +9.422,+1.016
1653656340,+3.42,+12.584, +9.433,+1.016
1653656640,+3.41,+12.629, +9.426,+1.016
1653656940,+3.41,+12.655, +9.422,+1.016
1653657240,+3.41,+12.690, +9.407,+1.015
1653657540,+3.41,+12.655, +9.435,+1.016
1653657840,+3.42,+12.655, +9.422,+1.016
1653658140,+3.42,+12.611, +9.444,+1.016
1653658440,+3.42,+12.478, +9.451,+1.016
1653658740,+3.41,+13.323, +9.068,+1.015
1653659040,+3.41,+14.895, +8.769,+1.015
1653659340,+3.41,+15.505, +8.660,+1.015
1653659640,+3.41,+15.847, +8.596,+1.016
1653659940,+3.41,+16.061, +8.563,+1.016
1653660240,+3.41,+16.248, +8.527,+1.016
1653660540,+3.41,+16.419, +8.502,+1.016
1653660840,+3.40,+16.563, +8.470,+1.015
1653661140,+3.40,+16.691, +8.440,+1.015
1653661440,+3.41,+16.844, +8.429,+1.016
1653661740,+3.41,+16.979, +8.399,+1.015
1653662040,+3.41,+17.106, +8.375,+1.015
1653662340,+3.41,+17.217, +8.375,+1.017
1653662640,+3.41,+17.344, +8.339,+1.015
1653662940,+3.40,+17.479, +8.319,+1.015
1653663240,+3.40,+17.614, +8.303,+1.016
1653663540,+3.40,+17.808, +8.349,+1.017
1653663840,+3.40,+18.432, +8.239,+1.017
1653664140,+3.40,+18.651, +8.203,+1.017
1653664440,+3.40,+18.777, +8.169,+1.016
1653664740,+3.40,+18.869, +8.159,+1.016
1653665040,+3.40,+18.936, +8.143,+1.015
1653665340,+3.41,+19.046, +8.129,+1.016
1653665640,+3.41,+19.146, +8.127,+1.017
