7450-738472
OS REV: 1.05 Sensor Cal: 1643742463
Time (sec),  BV (Volts),  T (deg C),  DO (mg/l),  Q ()
1653603720,+3.39,+16.288, +9.418,+0.977
1653604020,+3.39,+15.451, +9.643,+0.979
1653604320,+3.40,+15.219, +9.645,+0.980
1653604620,+3.40,+15.150, +9.602,+0.980
1653604920,+3.40,+15.124, +9.611,+0.981
1653605220,+3.40,+15.331, +9.698,+0.981
1653605520,+3.39,+15.408, +9.590,+0.981
1653605820,+3.40,+15.494, +9.529,+0.980
1653606120,+3.40,+15.528, +9.533,+0.980
1653606420,+3.40,+15.528, +9.507,+0.980
1653606720,+3.40,+15.528, +9.497,+0.981
1653607020,+3.40,+15.485, +9.477,+0.981
1653607320,+3.40,+15.511, +9.470,+0.980
1653607620,+3.40,+15.596, +9.454,+0.980
1653607920,+3.40,+15.699, +9.421,+0.981
1653608220,+3.40,+15.716, +9.426,+0.981
1653608520,+3.40,+15.682, +9.423,+0.980
1653608820,+3.40,+15.656, +9.428,+0.980
1653609120,+3.40,+15.665, +9.427,+0.980
1653609420,+3.40,+15.648, +9.525,+0.980
1653609720,+3.40,+15.648, +9.484,+0.980
1653610020,+3.40,+15.648, +9.523,+0.980
1653610320,+3.40,+15.648, +9.497,+0.980
1653610620,+3.40,+15.648, +9.483,+0.980
1653610920,+3.40,+15.665, +9.449,+0.980
1653611220,+3.40,+15.639, +9.581,+0.980
1653611520,+3.40,+15.648, +9.514,+0.980
1653611820,+3.40,+15.639, +9.507,+0.980
1653612120,+3.41,+15.579, +9.502,+0.980
1653612420,+3.41,+15.519, +9.472,+0.980
1653612720,+3.41,+15.545, +9.457,+0.980
1653613020,+3.41,+15.545, +9.460,+0.980
1653613320,+3.41,+15.554, +9.445,+0.980
1653613620,+3.41,+15.536, +9.460,+0.980
1653613920,+3.41,+15.519, +9.446,+0.979
1653614220,+3.41,+15.494, +9.451,+0.980
1653614520,+3.41,+15.485, +9.451,+0.979
1653614820,+3.41,+15.442, +9.451,+0.979
1653615120,+3.41,+15.391, +9.462,+0.980
1653615420,+3.41,+15.339, +9.445,+0.980
1653615720,+3.41,+15.279, +9.457,+0.980
1653616020,+3.41,+15.253, +9.453,+0.980
1653616320,+3.41,+15.245, +9.462,+0.980
1653616620,+3.41,+15.245, +9.461,+0.980
1653616920,+3.42,+15.228, +9.459,+0.980
1653617220,+3.42,+15.228, +9.450,+0.980
1653617520,+3.42,+15.210, +9.458,+0.980
1653617820,+3.42,+15.185, +9.460,+0.980
1653618120,+3.42,+15.176, +9.459,+0.980
1653618420,+3.42,+15.185, +9.442,+0.980
1653618720,+3.42,+15.150, +9.459,+0.980
1653619020,+3.42,+15.176, +9.449,+0.980
1653619320,+3.42,+15.167, +9.449,+0.980
1653619620,+3.42,+15.159, +9.449,+0.980
1653619920,+3.42,+15.142, +9.445,+0.980
1653620220,+3.42,+15.090, +9.455,+0.980
1653620520,+3.42,+15.099, +9.445,+0.980
1653620820,+3.42,+15.056, +9.456,+0.980
1653621120,+3.42,+15.064, +9.445,+0.980
1653621420,+3.42,+15.056, +9.449,+0.980
1653621720,+3.42,+15.030, +9.447,+0.980
1653622020,+3.42,+14.987, +9.456,+0.980
1653622320,+3.42,+14.969, +9.454,+0.980
1653622620,+3.42,+14.944, +9.453,+0.980
1653622920,+3.42,+14.909, +9.457,+0.980
1653623220,+3.42,+14.918, +9.453,+0.980
1653623520,+3.42,+14.892, +9.455,+0.980
1653623820,+3.43,+14.883, +9.441,+0.980
1653624120,+3.42,+14.875, +9.451,+0.980
1653624420,+3.43,+14.814, +9.459,+0.980
1653624720,+3.43,+14.797, +9.457,+0.980
1653625020,+3.43,+14.745, +9.464,+0.980
1653625320,+3.43,+14.676, +9.472,+0.980
1653625620,+3.42,+14.676, +9.473,+0.980
1653625920,+3.42,+14.668, +9.465,+0.980
1653626220,+3.43,+14.659, +9.469,+0.980
1653626520,+3.42,+14.599, +9.474,+0.980
1653626820,+3.42,+14.521, +9.477,+0.980
1653627120,+3.42,+14.469, +9.494,+0.981
1653627420,+3.42,+14.382, +9.503,+0.980
1653627720,+3.42,+14.365, +9.507,+0.980
1653628020,+3.42,+14.417, +9.488,+0.980
1653628320,+3.42,+14.460, +9.489,+0.980
1653628620,+3.42,+14.452, +9.480,+0.980
1653628920,+3.42,+14.434, +9.478,+0.980
1653629220,+3.43,+14.400, +9.488,+0.980
1653629520,+3.43,+14.339, +9.493,+0.980
1653629820,+3.43,+14.287, +9.500,+0.980
1653630120,+3.43,+14.218, +9.511,+0.980
1653630420,+3.43,+14.209, +9.500,+0.980
1653630720,+3.43,+14.148, +9.524,+0.981
1653631020,+3.43,+14.157, +9.520,+0.981
1653631320,+3.43,+14.122, +9.515,+0.980
1653631620,+3.43,+14.061, +9.531,+0.981
1653631920,+3.43,+14.035, +9.521,+0.980
1653632220,+3.43,+13.957, +9.536,+0.980
1653632520,+3.43,+13.905, +9.542,+0.980
1653632820,+3.43,+13.940, +9.545,+0.981
1653633120,+3.43,+13.948, +9.530,+0.981
1653633420,+3.43,+13.887, +9.541,+0.981
1653633720,+3.43,+13.827, +9.542,+0.980
1653634020,+3.43,+13.800, +9.557,+0.981
1653634320,+3.43,+13.800, +9.545,+0.981
1653634620,+3.43,+13.783, +9.550,+0.981
1653634920,+3.43,+13.766, +9.541,+0.981
1653635220,+3.43,+13.731, +9.555,+0.981
1653635520,+3.43,+13.713, +9.548,+0.980
1653635820,+3.43,+13.678, +9.550,+0.981
1653636120,+3.43,+13.661, +9.556,+0.981
1653636420,+3.44,+13.617, +9.553,+0.980
1653636720,+3.43,+13.582, +9.555,+0.980
1653637020,+3.43,+13.574, +9.556,+0.981
1653637320,+3.43,+13.530, +9.566,+0.980
1653637620,+3.43,+13.478, +9.577,+0.981
1653637920,+3.43,+13.460, +9.585,+0.981
1653638220,+3.43,+13.443, +9.586,+0.981
1653638520,+3.43,+13.390, +9.592,+0.981
1653638820,+3.43,+13.408, +9.585,+0.981
1653639120,+3.43,+13.373, +9.597,+0.981
1653639420,+3.43,+13.364, +9.595,+0.981
1653639720,+3.43,+13.381, +9.587,+0.981
1653640020,+3.43,+13.373, +9.595,+0.981
1653640320,+3.43,+13.364, +9.589,+0.981
1653640620,+3.43,+13.346, +9.582,+0.980
1653640920,+3.43,+13.294, +9.604,+0.981
1653641220,+3.43,+13.294, +9.597,+0.981
1653641520,+3.43,+13.285, +9.603,+0.981
1653641820,+3.43,+13.285, +9.596,+0.980
1653642120,+3.43,+13.267, +9.606,+0.981
1653642420,+3.43,+13.232, +9.617,+0.981
1653642720,+3.43,+13.241, +9.603,+0.980
1653643020,+3.43,+13.241, +9.602,+0.981
1653643320,+3.43,+13.224, +9.606,+0.981
1653643620,+3.44,+13.162, +9.626,+0.981
1653643920,+3.44,+13.162, +9.616,+0.981
1653644220,+3.44,+13.153, +9.617,+0.981
1653644520,+3.44,+13.118, +9.629,+0.981
1653644820,+3.44,+13.101, +9.623,+0.981
1653645120,+3.44,+13.057, +9.637,+0.981
1653645420,+3.44,+13.048, +9.636,+0.981
1653645720,+3.44,+13.039, +9.627,+0.980
1653646020,+3.44,+13.031, +9.629,+0.981
1653646320,+3.44,+13.039, +9.629,+0.981
1653646620,+3.44,+13.013, +9.633,+0.981
1653646920,+3.44,+12.995, +9.639,+0.981
1653647220,+3.44,+12.987, +9.635,+0.981
1653647520,+3.44,+12.943, +9.642,+0.981
1653647820,+3.44,+12.925, +9.647,+0.981
1653648120,+3.44,+12.916, +9.642,+0.981
1653648420,+3.44,+12.907, +9.642,+0.981
1653648720,+3.44,+12.899, +9.651,+0.981
1653649020,+3.44,+12.881, +9.642,+0.981
1653649320,+3.44,+12.863, +9.640,+0.980
1653649620,+3.44,+12.811, +9.646,+0.980
1653649920,+3.44,+12.758, +9.659,+0.981
1653650220,+3.44,+12.661, +9.680,+0.981
1653650520,+3.44,+12.696, +9.678,+0.981
1653650820,+3.44,+12.599, +9.692,+0.981
1653651120,+3.44,+12.502, +9.717,+0.981
1653651420,+3.44,+12.617, +9.694,+0.981
1653651720,+3.44,+12.555, +9.693,+0.981
1653652020,+3.44,+12.457, +9.732,+0.981
1653652320,+3.44,+12.528, +9.706,+0.981
1653652620,+3.44,+12.449, +9.721,+0.981
1653652920,+3.44,+12.378, +9.736,+0.981
1653653220,+3.44,+12.422, +9.733,+0.981
1653653520,+3.44,+12.387, +9.736,+0.981
1653653820,+3.44,+12.431, +9.726,+0.981
1653654120,+3.44,+12.422, +9.728,+0.981
1653654420,+3.44,+12.404, +9.731,+0.981
1653654720,+3.44,+12.413, +9.724,+0.981
1653655020,+3.44,+12.369, +9.729,+0.981
1653655320,+3.44,+12.404, +9.716,+0.981
1653655620,+3.44,+12.387, +9.727,+0.981
1653655920,+3.44,+12.413, +9.718,+0.981
1653656220,+3.44,+12.342, +9.726,+0.981
1653656520,+3.44,+12.298, +9.738,+0.980
1653656820,+3.44,+12.307, +9.756,+0.981
1653657120,+3.44,+12.351, +9.738,+0.981
1653657420,+3.44,+12.369, +9.731,+0.981
1653657720,+3.44,+12.360, +9.731,+0.980
1653658020,+3.44,+12.342, +9.743,+0.981
1653658320,+3.44,+12.378, +9.853,+0.981
1653658620,+3.44,+12.360, +9.717,+0.981
1653658920,+3.44,+13.696, +9.416,+0.980
1653659220,+3.45,+13.582, +9.453,+0.980
1653659520,+3.44,+13.460, +9.478,+0.980
1653659820,+3.44,+13.495, +9.466,+0.979
1653660120,+3.44,+13.565, +9.460,+0.980
1653660420,+3.45,+13.635, +9.446,+0.979
1653660720,+3.45,+13.705, +9.429,+0.979
1653661020,+3.45,+13.792, +9.399,+0.978
1653661320,+3.45,+13.870, +9.399,+0.979
1653661620,+3.45,+13.957, +9.386,+0.979
1653661920,+3.44,+14.044, +9.360,+0.979
1653662220,+3.44,+14.131, +9.340,+0.979
1653662520,+3.44,+14.218, +9.326,+0.979
1653662820,+3.44,+14.296, +9.306,+0.978
1653663120,+3.44,+14.382, +9.287,+0.978
1653663420,+3.44,+14.452, +9.276,+0.978
1653663720,+3.44,+14.529, +9.267,+0.978
1653664020,+3.44,+14.599, +9.248,+0.978
1653664320,+3.45,+14.676, +9.238,+0.978
1653664620,+3.45,+14.763, +9.213,+0.978
1653664920,+3.45,+14.832, +9.200,+0.978
1653665220,+3.45,+14.901, +9.185,+0.978
1653665520,+3.45,+15.013, +9.163,+0.978
1653665820,+3.45,+15.073, +9.140,+0.977
1653666120,+3.44,+15.545, +9.028,+0.984
1653666420,+3.45,+15.879, +8.933,+0.984
